#	time(s)	count A	count B	count C	count D
1	0.0100		241		
2	0.0200		241		
3	0.0300		241		
4	0.0400		241		
5	0.0500		241		
6	0.0600		241		
7	0.0700		241		
8	0.0800		241		
9	0.0900		241		
10	0.1000		241		
11	0.1100		241		
12	0.1200		241		
13	0.1300		241		
14	0.1400		241		
15	0.1500		241		
16	0.1600		241		
17	0.1700		241		
18	0.1800		241		
19	0.1900		241		
20	0.2000		241		
21	0.2100		241		
22	0.2200		241		
23	0.2300		241		
24	0.2400		241		
25	0.2500		241		
26	0.2600		241		
27	0.2700		241		
28	0.2800		241		
29	0.2900		241		
30	0.3000		241		
31	0.3100		241		
32	0.3200		241		
33	0.3300		241		
34	0.3400		241		
35	0.3500		241		
36	0.3600		241		
37	0.3700		241		
38	0.3800		241		
39	0.3900		241		
40	0.4000		241		
41	0.4100		241		
42	0.4200		241		
43	0.4300		241		
44	0.4400		241		
45	0.4500		241		
46	0.4600		241		
47	0.4700		241		
48	0.4800		241		
49	0.4900		241		
50	0.5000		241		
51	0.5100		241		
52	0.5200		241		
53	0.5300		241		
54	0.5400		241		
55	0.5500		241		
56	0.5600		241		
57	0.5700		241		
58	0.5800		241		
59	0.5900		241		
60	0.6000		241		
61	0.6100		241		
62	0.6200		241		
63	0.6300		241		
64	0.6400		241		
65	0.6500		241		
66	0.6600		241		
67	0.6700		241		
68	0.6800		241		
69	0.6900		241		
70	0.7000		241		
71	0.7100		241		
72	0.7200		241		
73	0.7300		241		
74	0.7400		241		
75	0.7500		241		
76	0.7600		241		
77	0.7700		241		
78	0.7800		241		
79	0.7900		241		
80	0.8000		241		
81	0.8100		241		
82	0.8200		241		
83	0.8300		241		
84	0.8400		241		
85	0.8500		241		
86	0.8600		241		
87	0.8700		241		
88	0.8800		241		
89	0.8900		241		
90	0.9000		241		
91	0.9100		241		
92	0.9200		241		
93	0.9300		241		
94	0.9400		241		
95	0.9500		241		
96	0.9600		241		
97	0.9700		241		
98	0.9800		241		
99	0.9900		241		
100	1.0000		241		
101	1.0100		241		
102	1.0200		241		
103	1.0300		241		
104	1.0400		241		
105	1.0500		241		
106	1.0600		241		
107	1.0700		241		
108	1.0800		241		
109	1.0900		241		
110	1.1000		241		
111	1.1100		241		
112	1.1200		241		
113	1.1300		241		
114	1.1400		241		
115	1.1500		241		
116	1.1600		241		
117	1.1700		241		
118	1.1800		241		
119	1.1900		241		
120	1.2000		241		
121	1.2100		241		
122	1.2200		241		
123	1.2300		241		
124	1.2400		241		
125	1.2500		241		
126	1.2600		241		
127	1.2700		241		
128	1.2800		241		
129	1.2900		241		
130	1.3000		241		
131	1.3100		241		
132	1.3200		241		
133	1.3300		241		
134	1.3400		241		
135	1.3500		241		
136	1.3600		241		
137	1.3700		241		
138	1.3800		241		
139	1.3900		241		
140	1.4000		241		
141	1.4100		241		
142	1.4200		241		
143	1.4300		241		
144	1.4400		241		
145	1.4500		241		
146	1.4600		241		
147	1.4700		241		
148	1.4800		241		
149	1.4900		241		
150	1.5000		241		
151	1.5100		241		
152	1.5200		241		
153	1.5300		241		
154	1.5400		241		
155	1.5500		241		
156	1.5600		241		
157	1.5700		241		
158	1.5800		241		
159	1.5900		241		
160	1.6000		241		
161	1.6100		241		
162	1.6200		240		
163	1.6300		238		
164	1.6400		235		
165	1.6500		233		
166	1.6600		230		
167	1.6700		228		
168	1.6800		226		
169	1.6900		224		
170	1.7000		221		
171	1.7100		219		
172	1.7200		216		
173	1.7300		214		
174	1.7400		212		
175	1.7500		210		
176	1.7600		208		
177	1.7700		206		
178	1.7800		203		
179	1.7900		201		
180	1.8000		199		
181	1.8100		197		
182	1.8200		195		
183	1.8300		193		
184	1.8400		191		
185	1.8500		188		
186	1.8600		186		
187	1.8700		184		
188	1.8800		182		
189	1.8900		180		
190	1.9000		178		
191	1.9100		176		
192	1.9200		174		
193	1.9300		173		
194	1.9400		171		
195	1.9500		169		
196	1.9600		167		
197	1.9700		165		
198	1.9800		163		
199	1.9900		161		
200	2.0000		160		
201	2.0100		158		
202	2.0200		156		
203	2.0300		154		
204	2.0400		152		
205	2.0500		150		
206	2.0600		149		
207	2.0700		147		
208	2.0800		145		
209	2.0900		144		
210	2.1000		142		
211	2.1100		140		
212	2.1200		139		
213	2.1300		137		
214	2.1400		135		
215	2.1500		134		
216	2.1600		132		
217	2.1700		131		
218	2.1800		129		
219	2.1900		128		
220	2.2000		126		
221	2.2100		124		
222	2.2200		123		
223	2.2300		121		
224	2.2400		120		
225	2.2500		118		
226	2.2600		117		
227	2.2700		116		
228	2.2800		114		
229	2.2900		113		
230	2.3000		112		
231	2.3100		110		
232	2.3200		109		
233	2.3300		107		
234	2.3400		106		
235	2.3500		105		
236	2.3600		103		
237	2.3700		102		
238	2.3800		101		
239	2.3900		100		
240	2.4000		98		
241	2.4100		97		
242	2.4200		96		
243	2.4300		95		
244	2.4400		94		
245	2.4500		92		
246	2.4600		91		
247	2.4700		90		
248	2.4800		89		
249	2.4900		88		
250	2.5000		87		
251	2.5100		86		
252	2.5200		84		
253	2.5300		84		
254	2.5400		82		
255	2.5500		82		
256	2.5600		81		
257	2.5700		80		
258	2.5800		78		
259	2.5900		78		
260	2.6000		77		
261	2.6100		76		
262	2.6200		75		
263	2.6300		74		
264	2.6400		73		
265	2.6500		72		
266	2.6600		71		
267	2.6700		70		
268	2.6800		70		
269	2.6900		69		
270	2.7000		68		
271	2.7100		67		
272	2.7200		66		
273	2.7300		66		
274	2.7400		65		
275	2.7500		64		
276	2.7600		64		
277	2.7700		63		
278	2.7800		62		
279	2.7900		62		
280	2.8000		61		
281	2.8100		60		
282	2.8200		60		
283	2.8300		59		
284	2.8400		58		
285	2.8500		58		
286	2.8600		57		
287	2.8700		57		
288	2.8800		56		
289	2.8900		56		
290	2.9000		55		
291	2.9100		54		
292	2.9200		54		
293	2.9300		54		
294	2.9400		53		
295	2.9500		53		
296	2.9600		52		
297	2.9700		52		
298	2.9800		52		
299	2.9900		51		
300	3.0000		51		
301	3.0100		50		
302	3.0200		50		
303	3.0300		50		
304	3.0400		50		
305	3.0500		49		
306	3.0600		49		
307	3.0700		49		
308	3.0800		48		
309	3.0900		48		
310	3.1000		48		
311	3.1100		48		
312	3.1200		48		
313	3.1300		47		
314	3.1400		47		
315	3.1500		47		
316	3.1600		47		
317	3.1700		47		
318	3.1800		47		
319	3.1900		46		
320	3.2000		46		
321	3.2100		46		
322	3.2200		46		
323	3.2300		46		
324	3.2400		46		
325	3.2500		46		
326	3.2600		46		
327	3.2700		46		
328	3.2800		46		
329	3.2900		46		
330	3.3000		46		
331	3.3100		46		
332	3.3200		46		
333	3.3300		47		
334	3.3400		47		
335	3.3500		47		
336	3.3600		47		
337	3.3700		47		
338	3.3800		47		
339	3.3900		48		
340	3.4000		48		
341	3.4100		48		
342	3.4200		48		
343	3.4300		48		
344	3.4400		49		
345	3.4500		49		
346	3.4600		49		
347	3.4700		50		
348	3.4800		50		
349	3.4900		50		
350	3.5000		50		
351	3.5100		51		
352	3.5200		51		
353	3.5300		52		
354	3.5400		52		
355	3.5500		52		
356	3.5600		53		
357	3.5700		53		
358	3.5800		54		
359	3.5900		54		
360	3.6000		55		
361	3.6100		55		
362	3.6200		56		
363	3.6300		56		
364	3.6400		57		
365	3.6500		58		
366	3.6600		58		
367	3.6700		58		
368	3.6800		59		
369	3.6900		60		
370	3.7000		60		
371	3.7100		61		
372	3.7200		62		
373	3.7300		62		
374	3.7400		63		
375	3.7500		64		
376	3.7600		64		
377	3.7700		65		
378	3.7800		66		
379	3.7900		67		
380	3.8000		68		
381	3.8100		68		
382	3.8200		69		
383	3.8300		70		
384	3.8400		71		
385	3.8500		72		
386	3.8600		72		
387	3.8700		73		
388	3.8800		74		
389	3.8900		75		
390	3.9000		76		
391	3.9100		77		
392	3.9200		78		
393	3.9300		79		
394	3.9400		80		
395	3.9500		81		
396	3.9600		82		
397	3.9700		83		
398	3.9800		84		
399	3.9900		85		
400	4.0000		86		
401	4.0100		87		
402	4.0200		88		
403	4.0300		89		
404	4.0400		90		
405	4.0500		92		
406	4.0600		93		
407	4.0700		94		
408	4.0800		95		
409	4.0900		96		
410	4.1000		97		
411	4.1100		98		
412	4.1200		100		
413	4.1300		101		
414	4.1400		102		
415	4.1500		104		
416	4.1600		105		
417	4.1700		106		
418	4.1800		108		
419	4.1900		109		
420	4.2000		110		
421	4.2100		112		
422	4.2200		113		
423	4.2300		114		
424	4.2400		116		
425	4.2500		117		
426	4.2600		118		
427	4.2700		120		
428	4.2800		122		
429	4.2900		123		
430	4.3000		124		
431	4.3100		126		
432	4.3200		127		
433	4.3300		129		
434	4.3400		130		
435	4.3500		132		
436	4.3600		134		
437	4.3700		135		
438	4.3800		137		
439	4.3900		138		
440	4.4000		140		
441	4.4100		142		
442	4.4200		143		
443	4.4300		145		
444	4.4400		147		
445	4.4500		148		
446	4.4600		150		
447	4.4700		152		
448	4.4800		154		
449	4.4900		155		
450	4.5000		157		
451	4.5100		159		
452	4.5200		161		
453	4.5300		162		
454	4.5400		164		
455	4.5500		166		
456	4.5600		168		
457	4.5700		170		
458	4.5800		172		
459	4.5900		174		
460	4.6000		175		
461	4.6100		177		
462	4.6200		179		
463	4.6300		181		
464	4.6400		183		
465	4.6500		185		
466	4.6600		187		
467	4.6700		189		
468	4.6800		191		
469	4.6900		193		
470	4.7000		196		
471	4.7100		198		
472	4.7200		200		
473	4.7300		202		
474	4.7400		204		
475	4.7500		206		
476	4.7600		208		
477	4.7700		210		
478	4.7800		212		
479	4.7900		214		
480	4.8000		217		
481	4.8100		219		
482	4.8200		221		
483	4.8300		224		
484	4.8400		226		
485	4.8500		228		
486	4.8600		230		
487	4.8700		233		
488	4.8800		235		
489	4.8900		238		
490	4.9000		240		
491	4.9100		241		
492	4.9200		241		
493	4.9300		241		
494	4.9400		241		
495	4.9500		241		
496	4.9600		241		
497	4.9700		241		
498	4.9800		241		
499	4.9900		241		
500	5.0000		241		
501	5.0100		241		
502	5.0200		241		
503	5.0300		241		
504	5.0400		241		
505	5.0500		241		
506	5.0600		241		
507	5.0700		241		
508	5.0800		241		
509	5.0900		241		
510	5.1000		241		
511	5.1100		241		
512	5.1200		241		
513	5.1300		241		
514	5.1400		241		
515	5.1500		241		
516	5.1600		241		
517	5.1700		241		
518	5.1800		241		
519	5.1900		241		
520	5.2000		241		
521	5.2100		241		
522	5.2200		241		
523	5.2300		241		
524	5.2400		241		
525	5.2500		241		
526	5.2600		241		
527	5.2700		241		
528	5.2800		241		
529	5.2900		241		
530	5.3000		241		
531	5.3100		241		
532	5.3200		241		
533	5.3300		241		
534	5.3400		241		
535	5.3500		241		
536	5.3600		241		
537	5.3700		241		
538	5.3800		241		
539	5.3900		241		
540	5.4000		241		
541	5.4100		241		
542	5.4200		241		
543	5.4300		241		
544	5.4400		241		
545	5.4500		241		
546	5.4600		241		
547	5.4700		241		
548	5.4800		241		
549	5.4900		241		
550	5.5000		241		
