#	time(s)	count A	count B	count C	count D
1	0.0100	4	7		
2	0.0200	4	7		
3	0.0300	4	7		
4	0.0400	4	7		
5	0.0500	4	6		
6	0.0600	4	6		
7	0.0700	4	6		
8	0.0800	4	6		
9	0.0900	4	6		
10	0.1000	4	6		
11	0.1100	4	6		
12	0.1200	4	6		
13	0.1300	4	6		
14	0.1400	4	6		
15	0.1500	4	6		
16	0.1600	4	5		
17	0.1700	4	5		
18	0.1800	4	5		
19	0.1900	4	5		
20	0.2000	4	5		
21	0.2100	4	5		
22	0.2200	4	5		
23	0.2300	4	5		
24	0.2400	4	5		
25	0.2500	4	5		
26	0.2600	4	5		
27	0.2700	4	5		
28	0.2800	4	5		
29	0.2900	4	5		
30	0.3000	4	5		
31	0.3100	4	5		
32	0.3200	4	5		
33	0.3300	4	5		
34	0.3400	4	5		
35	0.3500	4	5		
36	0.3600	4	5		
37	0.3700	4	5		
38	0.3800	4	5		
39	0.3900	4	5		
40	0.4000	3	5		
41	0.4100	3	6		
42	0.4200	3	6		
43	0.4300	3	6		
44	0.4400	3	6		
45	0.4500	2	6		
46	0.4600	2	6		
47	0.4700	2	6		
48	0.4800	2	6		
49	0.4900	2	6		
50	0.5000	2	6		
51	0.5100	1	6		
52	0.5200	1	6		
53	0.5300	1	6		
54	0.5400	1	6		
55	0.5500	1	6		
56	0.5600	0	6		
57	0.5700	0	6		
58	0.5800	0	6		
59	0.5900	0	6		
60	0.6000	0	6		
61	0.6100	0	6		
62	0.6200	0	6		
63	0.6300	0	6		
64	0.6400	0	6		
65	0.6500	-1	6		
66	0.6600	-1	6		
67	0.6700	-1	6		
68	0.6800	-1	5		
69	0.6900	-1	5		
70	0.7000	-1	5		
71	0.7100	-1	5		
72	0.7200	-1	5		
73	0.7300	-1	4		
74	0.7400	-1	4		
75	0.7500	-1	4		
76	0.7600	-1	4		
77	0.7700	-1	4		
78	0.7800	-1	4		
79	0.7900	-1	3		
80	0.8000	0	3		
81	0.8100	0	3		
82	0.8200	0	3		
83	0.8300	0	2		
84	0.8400	0	2		
85	0.8500	0	2		
86	0.8600	0	2		
87	0.8700	1	2		
88	0.8800	1	2		
89	0.8900	2	2		
90	0.9000	2	1		
91	0.9100	3	1		
92	0.9200	3	1		
93	0.9300	4	1		
94	0.9400	4	1		
95	0.9500	4	1		
96	0.9600	4	1		
97	0.9700	4	1		
98	0.9800	4	1		
99	0.9900	4	2		
100	1.0000	4	2		
101	1.0100	5	2		
102	1.0200	5	2		
103	1.0300	6	2		
104	1.0400	6	2		
105	1.0500	6	3		
106	1.0600	6	3		
107	1.0700	6	3		
108	1.0800	6	4		
109	1.0900	6	4		
110	1.1000	6	4		
111	1.1100	6	5		
112	1.1200	6	5		
113	1.1300	6	6		
114	1.1400	6	6		
115	1.1500	6	6		
116	1.1600	6	7		
117	1.1700	6	7		
118	1.1800	6	8		
119	1.1900	6	8		
120	1.2000	6	9		
121	1.2100	6	9		
122	1.2200	6	10		
123	1.2300	6	10		
124	1.2400	6	11		
125	1.2500	6	11		
126	1.2600	6	11		
127	1.2700	6	12		
128	1.2800	6	12		
129	1.2900	5	12		
130	1.3000	5	13		
131	1.3100	5	13		
132	1.3200	5	13		
133	1.3300	4	13		
134	1.3400	4	14		
135	1.3500	4	14		
136	1.3600	4	14		
137	1.3700	4	14		
138	1.3800	4	14		
139	1.3900	4	14		
140	1.4000	3	14		
141	1.4100	3	14		
142	1.4200	3	14		
143	1.4300	3	13		
144	1.4400	3	13		
145	1.4500	2	13		
146	1.4600	2	12		
147	1.4700	2	12		
148	1.4800	2	12		
149	1.4900	2	11		
150	1.5000	2	11		
151	1.5100	2	10		
152	1.5200	2	10		
153	1.5300	2	9		
154	1.5400	2	9		
155	1.5500	1	8		
156	1.5600	1	8		
157	1.5700	1	7		
158	1.5800	1	6		
159	1.5900	1	6		
160	1.6000	1	5		
161	1.6100	1	4		
162	1.6200	1	4		
163	1.6300	1	3		
164	1.6400	1	2		
165	1.6500	1	2		
166	1.6600	1	1		
167	1.6700	2	1		
168	1.6800	2	0		
169	1.6900	2	0		
170	1.7000	2	-1		
171	1.7100	2	-1		
172	1.7200	2	-2		
173	1.7300	2	-2		
174	1.7400	2	-3		
175	1.7500	2	-3		
176	1.7600	2	-3		
177	1.7700	3	-4		
178	1.7800	3	-4		
179	1.7900	3	-4		
180	1.8000	4	-4		
181	1.8100	4	-4		
182	1.8200	4	-4		
183	1.8300	4	-4		
184	1.8400	4	-4		
185	1.8500	4	-4		
186	1.8600	4	-4		
187	1.8700	5	-3		
188	1.8800	5	-3		
189	1.8900	5	-3		
190	1.9000	5	-2		
191	1.9100	5	-2		
192	1.9200	6	-1		
193	1.9300	6	-1		
194	1.9400	6	0		
195	1.9500	6	0		
196	1.9600	6	1		
197	1.9700	6	2		
198	1.9800	6	3		
199	1.9900	6	3		
200	2.0000	6	4		
201	2.0100	6	5		
202	2.0200	6	6		
203	2.0300	6	6		
204	2.0400	6	7		
205	2.0500	6	8		
206	2.0600	6	9		
207	2.0700	6	10		
208	2.0800	6	11		
209	2.0900	6	12		
210	2.1000	6	12		
211	2.1100	6	13		
212	2.1200	6	14		
213	2.1300	6	14		
214	2.1400	6	15		
215	2.1500	6	16		
216	2.1600	6	16		
217	2.1700	5	17		
218	2.1800	5	17		
219	2.1900	5	18		
220	2.2000	5	18		
221	2.2100	5	18		
222	2.2200	4	19		
223	2.2300	4	19		
224	2.2400	4	19		
225	2.2500	4	19		
226	2.2600	4	19		
227	2.2700	4	19		
228	2.2800	3	19		
229	2.2900	3	18		
230	2.3000	3	18		
231	2.3100	3	18		
232	2.3200	3	18		
233	2.3300	2	17		
234	2.3400	2	16		
235	2.3500	2	16		
236	2.3600	2	15		
237	2.3700	2	15		
238	2.3800	2	14		
239	2.3900	2	13		
240	2.4000	2	12		
241	2.4100	2	11		
242	2.4200	2	10		
243	2.4300	1	10		
244	2.4400	1	9		
245	2.4500	1	8		
246	2.4600	1	7		
247	2.4700	1	6		
248	2.4800	1	5		
249	2.4900	1	4		
250	2.5000	1	3		
251	2.5100	1	2		
252	2.5200	1	1		
253	2.5300	2	0		
254	2.5400	2	-1		
255	2.5500	2	-2		
256	2.5600	2	-3		
257	2.5700	2	-4		
258	2.5800	2	-4		
259	2.5900	2	-5		
260	2.6000	2	-6		
261	2.6100	2	-7		
262	2.6200	2	-7		
263	2.6300	3	-8		
264	2.6400	3	-8		
265	2.6500	3	-8		
266	2.6600	3	-9		
267	2.6700	3	-9		
268	2.6800	4	-9		
269	2.6900	4	-9		
270	2.7000	4	-9		
271	2.7100	4	-9		
272	2.7200	4	-9		
273	2.7300	4	-8		
274	2.7400	5	-8		
275	2.7500	5	-8		
276	2.7600	5	-7		
277	2.7700	5	-7		
278	2.7800	5	-6		
279	2.7900	6	-5		
280	2.8000	6	-5		
281	2.8100	6	-4		
282	2.8200	6	-3		
283	2.8300	6	-2		
284	2.8400	6	-1		
285	2.8500	6	0		
286	2.8600	6	1		
287	2.8700	6	2		
288	2.8800	6	3		
289	2.8900	6	4		
290	2.9000	6	6		
291	2.9100	6	7		
292	2.9200	6	8		
293	2.9300	6	9		
294	2.9400	6	10		
295	2.9500	6	12		
296	2.9600	6	13		
297	2.9700	6	14		
298	2.9800	6	15		
299	2.9900	6	16		
300	3.0000	6	17		
301	3.0100	6	18		
302	3.0200	6	19		
303	3.0300	6	20		
304	3.0400	5	20		
305	3.0500	5	21		
306	3.0600	5	22		
307	3.0700	5	22		
308	3.0800	4	23		
309	3.0900	4	23		
310	3.1000	4	24		
311	3.1100	4	24		
312	3.1200	4	24		
313	3.1300	4	24		
314	3.1400	4	24		
315	3.1500	3	24		
316	3.1600	3	24		
317	3.1700	3	23		
318	3.1800	3	23		
319	3.1900	3	22		
320	3.2000	2	22		
321	3.2100	2	21		
322	3.2200	2	20		
323	3.2300	2	20		
324	3.2400	2	18		
325	3.2500	2	18		
326	3.2600	2	16		
327	3.2700	2	15		
328	3.2800	2	14		
329	3.2900	2	13		
330	3.3000	1	12		
331	3.3100	1	11		
332	3.3200	1	9		
333	3.3300	1	8		
334	3.3400	1	7		
335	3.3500	1	5		
336	3.3600	1	4		
337	3.3700	1	2		
338	3.3800	1	1		
339	3.3900	1	0		
340	3.4000	1	-2		
341	3.4100	2	-3		
342	3.4200	2	-4		
343	3.4300	2	-5		
344	3.4400	2	-6		
345	3.4500	2	-7		
346	3.4600	2	-8		
347	3.4700	2	-9		
348	3.4800	2	-10		
349	3.4900	2	-11		
350	3.5000	2	-12		
351	3.5100	3	-12		
352	3.5200	3	-13		
353	3.5300	3	-13		
354	3.5400	3	-14		
355	3.5500	4	-14		
356	3.5600	4	-14		
357	3.5700	4	-14		
358	3.5800	4	-14		
359	3.5900	4	-14		
360	3.6000	4	-14		
361	3.6100	4	-13		
362	3.6200	5	-13		
363	3.6300	5	-12		
364	3.6400	5	-12		
365	3.6500	5	-11		
366	3.6600	5	-10		
367	3.6700	6	-9		
368	3.6800	6	-8		
369	3.6900	6	-7		
370	3.7000	6	-6		
371	3.7100	6	-4		
372	3.7200	6	-3		
373	3.7300	6	-2		
374	3.7400	6	0		
375	3.7500	6	1		
376	3.7600	6	3		
377	3.7700	6	4		
378	3.7800	6	6		
379	3.7900	6	7		
380	3.8000	6	9		
381	3.8100	6	10		
382	3.8200	6	12		
383	3.8300	6	13		
384	3.8400	6	15		
385	3.8500	6	16		
386	3.8600	6	18		
387	3.8700	6	19		
388	3.8800	6	20		
389	3.8900	6	22		
390	3.9000	6	23		
391	3.9100	6	24		
392	3.9200	5	25		
393	3.9300	5	26		
394	3.9400	5	26		
395	3.9500	5	27		
396	3.9600	5	28		
397	3.9700	4	28		
398	3.9800	4	28		
399	3.9900	4	29		
400	4.0000	4	29		
401	4.0100	4	29		
402	4.0200	4	29		
403	4.0300	4	28		
404	4.0400	3	28		
405	4.0500	3	28		
406	4.0600	3	27		
407	4.0700	3	26		
408	4.0800	2	26		
409	4.0900	2	25		
410	4.1000	2	24		
411	4.1100	2	23		
412	4.1200	2	22		
413	4.1300	2	20		
414	4.1400	2	19		
415	4.1500	2	18		
416	4.1600	2	16		
417	4.1700	1	15		
418	4.1800	1	13		
419	4.1900	1	11		
420	4.2000	1	10		
421	4.2100	1	8		
422	4.2200	1	6		
423	4.2300	1	5		
424	4.2400	1	3		
425	4.2500	1	1		
426	4.2600	1	0		
427	4.2700	1	-2		
428	4.2800	1	-4		
429	4.2900	1	-5		
430	4.3000	1	-7		
431	4.3100	2	-8		
432	4.3200	2	-10		
433	4.3300	2	-11		
434	4.3400	2	-12		
435	4.3500	2	-14		
436	4.3600	2	-15		
437	4.3700	2	-16		
438	4.3800	2	-16		
439	4.3900	2	-17		
440	4.4000	2	-18		
441	4.4100	3	-18		
442	4.4200	3	-19		
443	4.4300	3	-19		
444	4.4400	4	-19		
445	4.4500	4	-19		
446	4.4600	4	-19		
447	4.4700	4	-19		
448	4.4800	4	-18		
449	4.4900	4	-18		
450	4.5000	4	-17		
451	4.5100	5	-16		
452	4.5200	5	-16		
453	4.5300	5	-15		
454	4.5400	5	-14		
455	4.5500	6	-12		
456	4.5600	6	-11		
457	4.5700	6	-10		
458	4.5800	6	-8		
459	4.5900	6	-6		
460	4.6000	6	-5		
461	4.6100	6	-3		
462	4.6200	6	-1		
463	4.6300	6	0		
464	4.6400	6	2		
465	4.6500	6	4		
466	4.6600	6	6		
467	4.6700	6	8		
468	4.6800	6	10		
469	4.6900	6	12		
470	4.7000	6	14		
471	4.7100	6	15		
472	4.7200	6	17		
473	4.7300	6	19		
474	4.7400	6	21		
475	4.7500	6	22		
476	4.7600	6	24		
477	4.7700	6	25		
478	4.7800	6	26		
479	4.7900	6	28		
480	4.8000	5	29		
481	4.8100	5	30		
482	4.8200	5	31		
483	4.8300	5	32		
484	4.8400	5	32		
485	4.8500	4	33		
486	4.8600	4	33		
487	4.8700	4	34		
488	4.8800	4	34		
489	4.8900	4	34		
490	4.9000	4	34		
491	4.9100	3	33		
492	4.9200	3	33		
493	4.9300	3	32		
494	4.9400	3	32		
495	4.9500	3	31		
496	4.9600	2	30		
497	4.9700	2	29		
498	4.9800	2	27		
499	4.9900	2	26		
500	5.0000	2	25		
501	5.0100	2	23		
502	5.0200	2	21		
503	5.0300	2	20		
504	5.0400	2	18		
505	5.0500	2	16		
506	5.0600	1	14		
507	5.0700	1	12		
508	5.0800	1	10		
509	5.0900	1	8		
510	5.1000	1	6		
511	5.1100	1	4		
512	5.1200	1	2		
513	5.1300	1	0		
514	5.1400	1	-2		
515	5.1500	1	-4		
516	5.1600	1	-6		
517	5.1700	2	-8		
518	5.1800	2	-10		
519	5.1900	2	-12		
520	5.2000	2	-13		
521	5.2100	2	-15		
522	5.2200	2	-16		
523	5.2300	2	-18		
524	5.2400	2	-19		
525	5.2500	2	-20		
526	5.2600	2	-21		
527	5.2700	3	-22		
528	5.2800	3	-23		
529	5.2900	3	-23		
530	5.3000	3	-24		
531	5.3100	4	-24		
532	5.3200	4	-24		
533	5.3300	4	-24		
534	5.3400	4	-24		
535	5.3500	4	-23		
536	5.3600	4	-23		
537	5.3700	4	-22		
538	5.3800	5	-21		
539	5.3900	5	-20		
540	5.4000	5	-19		
541	5.4100	5	-18		
542	5.4200	5	-17		
543	5.4300	6	-15		
544	5.4400	6	-14		
545	5.4500	6	-12		
546	5.4600	6	-10		
547	5.4700	6	-8		
548	5.4800	6	-6		
549	5.4900	6	-4		
550	5.5000	6	-2		
551	5.5100	6	0		
552	5.5200	6	2		
553	5.5300	6	4		
554	5.5400	6	6		
555	5.5500	6	9		
556	5.5600	6	11		
557	5.5700	6	13		
558	5.5800	6	15		
559	5.5900	6	18		
560	5.6000	6	20		
561	5.6100	6	22		
562	5.6200	6	24		
563	5.6300	6	26		
564	5.6400	6	27		
565	5.6500	6	29		
566	5.6600	6	31		
567	5.6700	6	32		
568	5.6800	5	33		
569	5.6900	5	34		
570	5.7000	5	36		
571	5.7100	5	36		
572	5.7200	4	37		
573	5.7300	4	38		
574	5.7400	4	38		
575	5.7500	4	38		
576	5.7600	4	39		
577	5.7700	4	38		
578	5.7800	4	38		
579	5.7900	3	38		
580	5.8000	3	37		
581	5.8100	3	37		
582	5.8200	3	36		
583	5.8300	2	35		
584	5.8400	2	34		
585	5.8500	2	32		
586	5.8600	2	31		
587	5.8700	2	29		
588	5.8800	2	27		
589	5.8900	2	26		
590	5.9000	2	24		
591	5.9100	2	22		
592	5.9200	2	19		
593	5.9300	1	17		
594	5.9400	1	15		
595	5.9500	1	12		
596	5.9600	1	10		
597	5.9700	1	8		
598	5.9800	1	5		
599	5.9900	1	3		
600	6.0000	1	0		
601	6.0100	1	-2		
602	6.0200	1	-4		
603	6.0300	1	-7		
604	6.0400	1	-9		
605	6.0500	2	-11		
606	6.0600	2	-13		
607	6.0700	2	-15		
608	6.0800	2	-17		
609	6.0900	2	-19		
610	6.1000	2	-20		
611	6.1100	2	-22		
612	6.1200	2	-23		
613	6.1300	2	-24		
614	6.1400	2	-26		
615	6.1500	3	-27		
616	6.1600	3	-27		
617	6.1700	3	-28		
618	6.1800	3	-28		
619	6.1900	4	-29		
620	6.2000	4	-29		
621	6.2100	4	-29		
622	6.2200	4	-28		
623	6.2300	4	-28		
624	6.2400	4	-27		
625	6.2500	4	-26		
626	6.2600	5	-26		
627	6.2700	5	-24		
628	6.2800	5	-23		
629	6.2900	5	-22		
630	6.3000	6	-20		
631	6.3100	6	-18		
632	6.3200	6	-16		
633	6.3300	6	-14		
634	6.3400	6	-12		
635	6.3500	6	-10		
636	6.3600	6	-8		
637	6.3700	6	-5		
638	6.3800	6	-3		
639	6.3900	6	0		
640	6.4000	6	2		
641	6.4100	6	5		
642	6.4200	6	8		
643	6.4300	6	10		
644	6.4400	6	13		
645	6.4500	6	15		
646	6.4600	6	18		
647	6.4700	6	20		
648	6.4800	6	22		
649	6.4900	6	25		
650	6.5000	6	27		
651	6.5100	6	29		
652	6.5200	6	31		
653	6.5300	6	33		
654	6.5400	6	35		
655	6.5500	6	36		
656	6.5600	5	38		
657	6.5700	5	39		
658	6.5800	5	40		
659	6.5900	5	41		
660	6.6000	4	42		
661	6.6100	4	43		
662	6.6200	4	43		
663	6.6300	4	43		
664	6.6400	4	44		
665	6.6500	4	43		
666	6.6600	4	43		
667	6.6700	3	42		
668	6.6800	3	42		
669	6.6900	3	41		
670	6.7000	3	40		
671	6.7100	2	38		
672	6.7200	2	37		
673	6.7300	2	36		
674	6.7400	2	34		
675	6.7500	2	32		
676	6.7600	2	30		
677	6.7700	2	28		
678	6.7800	2	25		
679	6.7900	2	23		
680	6.8000	2	21		
681	6.8100	1	18		
682	6.8200	1	15		
683	6.8300	1	13		
684	6.8400	1	10		
685	6.8500	1	7		
686	6.8600	1	4		
687	6.8700	1	2		
688	6.8800	1	-1		
689	6.8900	1	-4		
690	6.9000	1	-6		
691	6.9100	1	-9		
692	6.9200	1	-12		
693	6.9300	1	-14		
694	6.9400	2	-16		
695	6.9500	2	-19		
696	6.9600	2	-21		
697	6.9700	2	-23		
698	6.9800	2	-25		
699	6.9900	2	-26		
700	7.0000	2	-28		
701	7.0100	2	-29		
702	7.0200	2	-30		
703	7.0300	3	-32		
704	7.0400	3	-32		
705	7.0500	3	-33		
706	7.0600	3	-33		
707	7.0700	3	-34		
708	7.0800	4	-34		
709	7.0900	4	-34		
710	7.1000	4	-33		
711	7.1100	4	-33		
712	7.1200	4	-32		
713	7.1300	4	-31		
714	7.1400	5	-30		
715	7.1500	5	-28		
716	7.1600	5	-27		
717	7.1700	5	-25		
718	7.1800	5	-23		
719	7.1900	6	-21		
720	7.2000	6	-19		
721	7.2100	6	-17		
722	7.2200	6	-14		
723	7.2300	6	-12		
724	7.2400	6	-9		
725	7.2500	6	-6		
726	7.2600	6	-4		
727	7.2700	6	-1		
728	7.2800	6	2		
729	7.2900	6	5		
730	7.3000	6	8		
731	7.3100	6	11		
732	7.3200	6	14		
733	7.3300	6	17		
734	7.3400	6	20		
735	7.3500	6	22		
736	7.3600	6	25		
737	7.3700	6	28		
738	7.3800	6	30		
739	7.3900	6	32		
740	7.4000	6	35		
741	7.4100	6	37		
742	7.4200	6	39		
743	7.4300	6	41		
744	7.4400	5	42		
745	7.4500	5	44		
746	7.4600	5	45		
747	7.4700	5	46		
748	7.4800	4	47		
749	7.4900	4	48		
750	7.5000	4	48		
751	7.5100	4	48		
752	7.5200	4	48		
753	7.5300	4	48		
754	7.5400	4	48		
755	7.5500	3	47		
756	7.5600	3	46		
757	7.5700	3	45		
758	7.5800	3	44		
759	7.5900	2	42		
760	7.6000	2	41		
761	7.6100	2	39		
762	7.6200	2	37		
763	7.6300	2	35		
764	7.6400	2	33		
765	7.6500	2	30		
766	7.6600	2	28		
767	7.6700	2	25		
768	7.6800	2	22		
769	7.6900	2	19		
770	7.7000	1	16		
771	7.7100	1	13		
772	7.7200	1	10		
773	7.7300	1	7		
774	7.7400	1	4		
775	7.7500	1	1		
776	7.7600	1	-2		
777	7.7700	1	-5		
778	7.7800	1	-8		
779	7.7900	1	-11		
780	7.8000	2	-14		
781	7.8100	2	-17		
782	7.8200	2	-19		
783	7.8300	2	-22		
784	7.8400	2	-24		
785	7.8500	2	-27		
786	7.8600	2	-29		
787	7.8700	2	-30		
788	7.8800	2	-32		
789	7.8900	2	-34		
790	7.9000	2	-35		
791	7.9100	3	-36		
792	7.9200	3	-37		
793	7.9300	3	-38		
794	7.9400	3	-38		
795	7.9500	4	-38		
796	7.9600	4	-38		
797	7.9700	4	-38		
798	7.9800	4	-38		
799	7.9900	4	-37		
800	8.0000	4	-36		
801	8.0100	4	-35		
802	8.0200	5	-34		
803	8.0300	5	-32		
804	8.0400	5	-30		
805	8.0500	5	-28		
806	8.0600	5	-26		
807	8.0700	6	-24		
808	8.0800	6	-22		
809	8.0900	6	-19		
810	8.1000	6	-16		
811	8.1100	6	-13		
812	8.1200	6	-10		
813	8.1300	6	-8		
814	8.1400	6	-4		
815	8.1500	6	-1		
816	8.1600	6	2		
817	8.1700	6	5		
818	8.1800	6	9		
819	8.1900	6	12		
820	8.2000	6	15		
821	8.2100	6	18		
822	8.2200	6	22		
823	8.2300	6	25		
824	8.2400	6	28		
825	8.2500	6	30		
826	8.2600	6	33		
827	8.2700	6	36		
828	8.2800	6	38		
829	8.2900	6	41		
830	8.3000	6	43		
831	8.3100	5	45		
832	8.3200	5	47		
833	8.3300	5	48		
834	8.3400	5	50		
835	8.3500	4	51		
836	8.3600	4	52		
837	8.3700	4	52		
838	8.3800	4	53		
839	8.3900	4	53		
840	8.4000	4	53		
841	8.4100	4	53		
842	8.4200	4	52		
843	8.4300	3	51		
844	8.4400	3	50		
845	8.4500	3	49		
846	8.4600	3	48		
847	8.4700	2	46		
848	8.4800	2	44		
849	8.4900	2	42		
850	8.5000	2	40		
851	8.5100	2	38		
852	8.5200	2	35		
853	8.5300	2	32		
854	8.5400	2	29		
855	8.5500	2	26		
856	8.5600	2	23		
857	8.5700	2	20		
858	8.5800	1	17		
859	8.5900	1	13		
860	8.6000	1	10		
861	8.6100	1	6		
862	8.6200	1	3		
863	8.6300	1	0		
864	8.6400	1	-4		
865	8.6500	1	-7		
866	8.6600	1	-10		
867	8.6700	1	-14		
868	8.6800	2	-17		
869	8.6900	2	-20		
870	8.7000	2	-23		
871	8.7100	2	-26		
872	8.7200	2	-28		
873	8.7300	2	-30		
874	8.7400	2	-33		
875	8.7500	2	-35		
876	8.7600	2	-37		
877	8.7700	2	-38		
878	8.7800	3	-40		
879	8.7900	3	-41		
880	8.8000	3	-42		
881	8.8100	3	-42		
882	8.8200	4	-43		
883	8.8300	4	-43		
884	8.8400	4	-43		
885	8.8500	4	-43		
886	8.8600	4	-42		
887	8.8700	4	-41		
888	8.8800	4	-40		
889	8.8900	5	-39		
890	8.9000	5	-37		
891	8.9100	5	-36		
892	8.9200	5	-34		
893	8.9300	5	-32		
894	8.9400	6	-29		
895	8.9500	6	-26		
896	8.9600	6	-24		
897	8.9700	6	-21		
898	8.9800	6	-18		
899	8.9900	6	-15		
900	9.0000	6	-11		
901	9.0100	6	-8		
902	9.0200	6	-4		
903	9.0300	6	-1		
904	9.0400	6	3		
905	9.0500	6	6		
906	9.0600	6	10		
907	9.0700	6	14		
908	9.0800	6	17		
909	9.0900	6	20		
910	9.1000	6	24		
911	9.1100	6	27		
912	9.1200	6	30		
913	9.1300	6	34		
914	9.1400	6	37		
915	9.1500	6	40		
916	9.1600	6	42		
917	9.1700	6	45		
918	9.1800	6	47		
919	9.1900	5	49		
920	9.2000	5	51		
921	9.2100	5	53		
922	9.2200	5	54		
923	9.2300	4	56		
924	9.2400	4	56		
925	9.2500	4	57		
926	9.2600	4	58		
927	9.2700	4	58		
928	9.2800	4	58		
929	9.2900	4	57		
930	9.3000	3	57		
931	9.3100	3	56		
932	9.3200	3	54		
933	9.3300	3	53		
934	9.3400	2	52		
935	9.3500	2	50		
936	9.3600	2	48		
937	9.3700	2	45		
938	9.3800	2	43		
939	9.3900	2	40		
940	9.4000	2	37		
941	9.4100	2	34		
942	9.4200	2	31		
943	9.4300	2	27		
944	9.4400	1	24		
945	9.4500	1	20		
946	9.4600	1	17		
947	9.4700	1	13		
948	9.4800	1	9		
949	9.4900	1	6		
950	9.5000	1	2		
951	9.5100	1	-2		
952	9.5200	1	-6		
953	9.5300	1	-9		
954	9.5400	1	-13		
955	9.5500	1	-16		
956	9.5600	2	-20		
957	9.5700	2	-23		
958	9.5800	2	-26		
959	9.5900	2	-29		
960	9.6000	2	-32		
961	9.6100	2	-35		
962	9.6200	2	-37		
963	9.6300	2	-39		
964	9.6400	2	-41		
965	9.6500	2	-43		
966	9.6600	3	-44		
967	9.6700	3	-46		
968	9.6800	3	-47		
969	9.6900	3	-47		
970	9.7000	4	-48		
971	9.7100	4	-48		
972	9.7200	4	-48		
973	9.7300	4	-47		
974	9.7400	4	-47		
975	9.7500	4	-46		
976	9.7600	4	-44		
977	9.7700	5	-43		
978	9.7800	5	-41		
979	9.7900	5	-39		
980	9.8000	5	-37		
981	9.8100	5	-34		
982	9.8200	6	-32		
983	9.8300	6	-29		
984	9.8400	6	-26		
985	9.8500	6	-23		
986	9.8600	6	-19		
987	9.8700	6	-16		
988	9.8800	6	-12		
989	9.8900	6	-8		
990	9.9000	6	-5		
991	9.9100	6	-1		
992	9.9200	6	3		
993	9.9300	6	7		
994	9.9400	6	11		
995	9.9500	6	15		
996	9.9600	6	19		
997	9.9700	6	23		
998	9.9800	6	26		
999	9.9900	6	30		
1000	10.0000	6	34		
1001	10.0100	6	37		
1002	10.0200	6	40		
1003	10.0300	6	43		
1004	10.0400	6	46		
1005	10.0500	6	49		
1006	10.0600	6	52		
1007	10.0700	5	54		
1008	10.0800	5	56		
1009	10.0900	5	58		
1010	10.1000	5	59		
1011	10.1100	4	60		
1012	10.1200	4	61		
1013	10.1300	4	62		
1014	10.1400	4	62		
1015	10.1500	4	62		
1016	10.1600	4	62		
1017	10.1700	4	62		
1018	10.1800	3	61		
1019	10.1900	3	60		
1020	10.2000	3	59		
1021	10.2100	3	57		
1022	10.2200	2	55		
1023	10.2300	2	53		
1024	10.2400	2	51		
1025	10.2500	2	48		
1026	10.2600	2	46		
1027	10.2700	2	42		
1028	10.2800	2	39		
1029	10.2900	2	36		
1030	10.3000	2	32		
1031	10.3100	2	29		
1032	10.3200	2	25		
1033	10.3300	1	21		
1034	10.3400	1	17		
1035	10.3500	1	13		
1036	10.3600	1	9		
1037	10.3700	1	5		
1038	10.3800	1	1		
1039	10.3900	1	-4		
1040	10.4000	1	-8		
1041	10.4100	1	-12		
1042	10.4200	1	-15		
1043	10.4300	1	-19		
1044	10.4400	2	-23		
1045	10.4500	2	-26		
1046	10.4600	2	-30		
1047	10.4700	2	-33		
1048	10.4800	2	-36		
1049	10.4900	2	-39		
1050	10.5000	2	-41		
1051	10.5100	2	-44		
1052	10.5200	2	-46		
1053	10.5300	2	-48		
1054	10.5400	3	-49		
1055	10.5500	3	-50		
1056	10.5600	3	-51		
1057	10.5700	3	-52		
1058	10.5800	3	-52		
1059	10.5900	4	-53		
1060	10.6000	4	-52		
1061	10.6100	4	-52		
1062	10.6200	4	-51		
1063	10.6300	4	-50		
1064	10.6400	4	-49		
1065	10.6500	5	-47		
1066	10.6600	5	-45		
1067	10.6700	5	-43		
1068	10.6800	5	-40		
1069	10.6900	5	-38		
1070	10.7000	6	-35		
1071	10.7100	6	-32		
1072	10.7200	6	-28		
1073	10.7300	6	-25		
1074	10.7400	6	-21		
1075	10.7500	6	-17		
1076	10.7600	6	-13		
1077	10.7700	6	-9		
1078	10.7800	6	-5		
1079	10.7900	6	-1		
1080	10.8000	6	4		
1081	10.8100	6	8		
1082	10.8200	6	12		
1083	10.8300	6	16		
1084	10.8400	6	20		
1085	10.8500	6	25		
1086	10.8600	6	29		
1087	10.8700	6	33		
1088	10.8800	6	36		
1089	10.8900	6	40		
1090	10.9000	6	44		
1091	10.9100	6	47		
1092	10.9200	6	50		
1093	10.9300	6	53		
1094	10.9400	5	56		
1095	10.9500	5	58		
1096	10.9600	5	60		
1097	10.9700	5	62		
1098	10.9800	5	64		
1099	10.9900	4	65		
1100	11.0000	4	66		
1101	11.0100	4	67		
1102	11.0200	4	67		
1103	11.0300	4	67		
1104	11.0400	4	67		
1105	11.0500	4	66		
1106	11.0600	3	65		
1107	11.0700	3	64		
1108	11.0800	3	63		
1109	11.0900	3	61		
1110	11.1000	2	59		
1111	11.1100	2	57		
1112	11.1200	2	54		
1113	11.1300	2	51		
1114	11.1400	2	48		
1115	11.1500	2	45		
1116	11.1600	2	41		
1117	11.1700	2	38		
1118	11.1800	2	34		
1119	11.1900	2	30		
1120	11.2000	2	26		
1121	11.2100	1	21		
1122	11.2200	1	17		
1123	11.2300	1	13		
1124	11.2400	1	8		
1125	11.2500	1	4		
1126	11.2600	1	0		
1127	11.2700	1	-5		
1128	11.2800	1	-9		
1129	11.2900	1	-14		
1130	11.3000	1	-18		
1131	11.3100	2	-22		
1132	11.3200	2	-26		
1133	11.3300	2	-30		
1134	11.3400	2	-33		
1135	11.3500	2	-37		
1136	11.3600	2	-40		
1137	11.3700	2	-43		
1138	11.3800	2	-46		
1139	11.3900	2	-48		
1140	11.4000	2	-50		
1141	11.4100	3	-52		
1142	11.4200	3	-54		
1143	11.4300	3	-55		
1144	11.4400	3	-56		
1145	11.4500	3	-57		
1146	11.4600	4	-57		
1147	11.4700	4	-57		
1148	11.4800	4	-57		
1149	11.4900	4	-56		
1150	11.5000	4	-55		
1151	11.5100	4	-54		
1152	11.5200	5	-52		
1153	11.5300	5	-51		
1154	11.5400	5	-48		
1155	11.5500	5	-46		
1156	11.5600	5	-43		
1157	11.5700	6	-40		
1158	11.5800	6	-37		
1159	11.5900	6	-34		
1160	11.6000	6	-30		
1161	11.6100	6	-26		
1162	11.6200	6	-22		
1163	11.6300	6	-18		
1164	11.6400	6	-14		
1165	11.6500	6	-9		
1166	11.6600	6	-5		
1167	11.6700	6	0		
1168	11.6800	6	4		
1169	11.6900	6	9		
1170	11.7000	6	13		
1171	11.7100	6	18		
1172	11.7200	6	22		
1173	11.7300	6	27		
1174	11.7400	6	31		
1175	11.7500	6	36		
1176	11.7600	6	40		
1177	11.7700	6	44		
1178	11.7800	6	47		
1179	11.7900	6	51		
1180	11.8000	6	54		
1181	11.8100	6	57		
1182	11.8200	5	60		
1183	11.8300	5	62		
1184	11.8400	5	64		
1185	11.8500	5	66		
1186	11.8600	4	68		
1187	11.8700	4	70		
1188	11.8800	4	70		
1189	11.8900	4	71		
1190	11.9000	4	72		
1191	11.9100	4	72		
1192	11.9200	4	71		
1193	11.9300	3	70		
1194	11.9400	3	70		
1195	11.9500	3	68		
1196	11.9600	3	66		
1197	11.9700	3	64		
1198	11.9800	2	62		
1199	11.9900	2	60		
1200	12.0000	2	57		
1201	12.0100	2	54		
1202	12.0200	2	50		
1203	12.0300	2	47		
1204	12.0400	2	43		
1205	12.0500	2	39		
1206	12.0600	2	35		
1207	12.0700	2	30		
1208	12.0800	1	26		
1209	12.0900	1	22		
1210	12.1000	1	17		
1211	12.1100	1	12		
1212	12.1200	1	7		
1213	12.1300	1	3		
1214	12.1400	1	-2		
1215	12.1500	1	-7		
1216	12.1600	1	-12		
1217	12.1700	1	-16		
1218	12.1800	1	-20		
1219	12.1900	2	-25		
1220	12.2000	2	-29		
1221	12.2100	2	-33		
1222	12.2200	2	-37		
1223	12.2300	2	-40		
1224	12.2400	2	-44		
1225	12.2500	2	-47		
1226	12.2600	2	-50		
1227	12.2700	2	-52		
1228	12.2800	2	-55		
1229	12.2900	3	-57		
1230	12.3000	3	-58		
1231	12.3100	3	-60		
1232	12.3200	3	-61		
1233	12.3300	4	-61		
1234	12.3400	4	-62		
1235	12.3500	4	-62		
1236	12.3600	4	-61		
1237	12.3700	4	-60		
1238	12.3800	4	-59		
1239	12.3900	4	-58		
1240	12.4000	5	-56		
1241	12.4100	5	-54		
1242	12.4200	5	-52		
1243	12.4300	5	-49		
1244	12.4400	5	-46		
1245	12.4500	6	-43		
1246	12.4600	6	-39		
1247	12.4700	6	-36		
1248	12.4800	6	-32		
1249	12.4900	6	-28		
1250	12.5000	6	-23		
1251	12.5100	6	-19		
1252	12.5200	6	-14		
1253	12.5300	6	-9		
1254	12.5400	6	-4		
1255	12.5500	6	0		
1256	12.5600	6	5		
1257	12.5700	6	10		
1258	12.5800	6	15		
1259	12.5900	6	20		
1260	12.6000	6	25		
1261	12.6100	6	30		
1262	12.6200	6	34		
1263	12.6300	6	39		
1264	12.6400	6	43		
1265	12.6500	6	47		
1266	12.6600	6	51		
1267	12.6700	6	55		
1268	12.6800	6	58		
1269	12.6900	6	61		
1270	12.7000	5	64		
1271	12.7100	5	67		
1272	12.7200	5	69		
1273	12.7300	5	71		
1274	12.7400	4	73		
1275	12.7500	4	74		
1276	12.7600	4	75		
1277	12.7700	4	76		
1278	12.7800	4	76		
1279	12.7900	4	76		
1280	12.8000	4	76		
1281	12.8100	3	75		
1282	12.8200	3	74		
1283	12.8300	3	72		
1284	12.8400	3	70		
1285	12.8500	3	68		
1286	12.8600	2	66		
1287	12.8700	2	63		
1288	12.8800	2	60		
1289	12.8900	2	56		
1290	12.9000	2	53		
1291	12.9100	2	49		
1292	12.9200	2	45		
1293	12.9300	2	40		
1294	12.9400	2	36		
1295	12.9500	1	31		
1296	12.9600	1	26		
1297	12.9700	1	22		
1298	12.9800	1	16		
1299	12.9900	1	12		
1300	13.0000	1	6		
1301	13.0100	1	1		
1302	13.0200	1	-4		
1303	13.0300	1	-9		
1304	13.0400	1	-14		
1305	13.0500	1	-19		
1306	13.0600	1	-24		
1307	13.0700	1	-28		
1308	13.0800	1	-32		
1309	13.0900	1	-37		
1310	13.1000	2	-41		
1311	13.1100	2	-45		
1312	13.1200	2	-48		
1313	13.1300	2	-52		
1314	13.1400	2	-54		
1315	13.1500	2	-57		
1316	13.1600	2	-59		
1317	13.1700	2	-62		
1318	13.1800	2	-63		
1319	13.1900	3	-64		
1320	13.2000	3	-66		
1321	13.2100	3	-66		
1322	13.2200	3	-66		
1323	13.2300	4	-66		
1324	13.2400	4	-66		
1325	13.2500	4	-65		
1326	13.2600	4	-64		
1327	13.2700	4	-62		
1328	13.2800	4	-60		
1329	13.2900	5	-58		
1330	13.3000	5	-55		
1331	13.3100	5	-52		
1332	13.3200	5	-49		
1333	13.3300	5	-46		
1334	13.3400	6	-42		
1335	13.3500	6	-38		
1336	13.3600	6	-34		
1337	13.3700	6	-29		
1338	13.3800	6	-24		
1339	13.3900	6	-20		
1340	13.4000	6	-15		
1341	13.4100	6	-10		
1342	13.4200	6	-4		
1343	13.4300	6	1		
1344	13.4400	6	6		
1345	13.4500	6	12		
1346	13.4600	6	17		
1347	13.4700	6	22		
1348	13.4800	6	27		
1349	13.4900	6	32		
1350	13.5000	6	37		
1351	13.5100	6	42		
1352	13.5200	6	46		
1353	13.5300	6	51		
1354	13.5400	6	55		
1355	13.5500	6	59		
1356	13.5600	6	62		
1357	13.5700	6	66		
1358	13.5800	5	69		
1359	13.5900	5	72		
1360	13.6000	5	74		
1361	13.6100	5	76		
1362	13.6200	4	78		
1363	13.6300	4	79		
1364	13.6400	4	80		
1365	13.6500	4	81		
1366	13.6600	4	81		
1367	13.6700	4	81		
1368	13.6800	4	80		
1369	13.6900	3	79		
1370	13.7000	3	78		
1371	13.7100	3	76		
1372	13.7200	3	74		
1373	13.7300	3	72		
1374	13.7400	2	69		
1375	13.7500	2	66		
1376	13.7600	2	63		
1377	13.7700	2	59		
1378	13.7800	2	55		
1379	13.7900	2	51		
1380	13.8000	2	46		
1381	13.8100	2	42		
1382	13.8200	2	37		
1383	13.8300	2	32		
1384	13.8400	2	27		
1385	13.8500	1	22		
1386	13.8600	1	16		
1387	13.8700	1	11		
1388	13.8800	1	6		
1389	13.8900	1	0		
1390	13.9000	1	-5		
1391	13.9100	1	-11		
1392	13.9200	1	-16		
1393	13.9300	1	-21		
1394	13.9400	2	-26		
1395	13.9500	2	-31		
1396	13.9600	2	-36		
1397	13.9700	2	-40		
1398	13.9800	2	-44		
1399	13.9900	2	-48		
1400	14.0000	2	-52		
1401	14.0100	2	-56		
1402	14.0200	2	-59		
1403	14.0300	2	-62		
1404	14.0400	2	-64		
1405	14.0500	3	-66		
1406	14.0600	3	-68		
1407	14.0700	3	-69		
1408	14.0800	3	-70		
1409	14.0900	4	-71		
1410	14.1000	4	-71		
1411	14.1100	4	-70		
1412	14.1200	4	-70		
1413	14.1300	4	-69		
1414	14.1400	4	-68		
1415	14.1500	4	-66		
1416	14.1600	5	-64		
1417	14.1700	5	-61		
1418	14.1800	5	-58		
1419	14.1900	5	-55		
1420	14.2000	5	-52		
1421	14.2100	6	-48		
1422	14.2200	6	-44		
1423	14.2300	6	-39		
1424	14.2400	6	-35		
1425	14.2500	6	-30		
1426	14.2600	6	-25		
1427	14.2700	6	-20		
1428	14.2800	6	-15		
1429	14.2900	6	-9		
1430	14.3000	6	-4		
1431	14.3100	6	2		
1432	14.3200	6	8		
1433	14.3300	6	13		
1434	14.3400	6	18		
1435	14.3500	6	24		
1436	14.3600	6	29		
1437	14.3700	6	35		
1438	14.3800	6	40		
1439	14.3900	6	45		
1440	14.4000	6	50		
1441	14.4100	6	54		
1442	14.4200	6	59		
1443	14.4300	6	63		
1444	14.4400	6	66		
1445	14.4500	5	70		
1446	14.4600	5	73		
1447	14.4700	5	76		
1448	14.4800	5	78		
1449	14.4900	5	80		
1450	14.5000	4	82		
1451	14.5100	4	84		
1452	14.5200	4	85		
1453	14.5300	4	85		
1454	14.5400	4	85		
1455	14.5500	4	85		
1456	14.5600	4	84		
1457	14.5700	3	83		
1458	14.5800	3	82		
1459	14.5900	3	80		
1460	14.6000	3	78		
1461	14.6100	2	75		
1462	14.6200	2	72		
1463	14.6300	2	69		
1464	14.6400	2	65		
1465	14.6500	2	61		
1466	14.6600	2	57		
1467	14.6700	2	52		
1468	14.6800	2	48		
1469	14.6900	2	43		
1470	14.7000	2	38		
1471	14.7100	2	32		
1472	14.7200	1	27		
1473	14.7300	1	21		
1474	14.7400	1	16		
1475	14.7500	1	10		
1476	14.7600	1	4		
1477	14.7700	1	-2		
1478	14.7800	1	-7		
1479	14.7900	1	-13		
1480	14.8000	1	-18		
1481	14.8100	2	-24		
1482	14.8200	2	-29		
1483	14.8300	2	-34		
1484	14.8400	2	-39		
1485	14.8500	2	-44		
1486	14.8600	2	-48		
1487	14.8700	2	-52		
1488	14.8800	2	-56		
1489	14.8900	2	-60		
1490	14.9000	2	-63		
1491	14.9100	2	-66		
1492	14.9200	3	-68		
1493	14.9300	3	-70		
1494	14.9400	3	-72		
1495	14.9500	3	-74		
1496	14.9600	3	-74		
1497	14.9700	4	-75		
1498	14.9800	4	-75		
1499	14.9900	4	-75		
1500	15.0000	4	-74		
1501	15.0100	4	-73		
1502	15.0200	4	-71		
1503	15.0300	5	-69		
1504	15.0400	5	-67		
1505	15.0500	5	-64		
1506	15.0600	5	-61		
1507	15.0700	5	-58		
1508	15.0800	6	-54		
1509	15.0900	6	-50		
1510	15.1000	6	-46		
1511	15.1100	6	-41		
1512	15.1200	6	-36		
1513	15.1300	6	-31		
1514	15.1400	6	-26		
1515	15.1500	6	-20		
1516	15.1600	6	-14		
1517	15.1700	6	-9		
1518	15.1800	6	-3		
1519	15.1900	6	3		
1520	15.2000	6	9		
1521	15.2100	6	15		
1522	15.2200	6	20		
1523	15.2300	6	26		
1524	15.2400	6	32		
1525	15.2500	6	38		
1526	15.2600	6	43		
1527	15.2700	6	48		
1528	15.2800	6	53		
1529	15.2900	6	58		
1530	15.3000	6	62		
1531	15.3100	6	67		
1532	15.3200	6	71		
1533	15.3300	5	74		
1534	15.3400	5	78		
1535	15.3500	5	80		
1536	15.3600	5	83		
1537	15.3700	5	85		
1538	15.3800	4	87		
1539	15.3900	4	88		
1540	15.4000	4	89		
1541	15.4100	4	89		
1542	15.4200	4	90		
1543	15.4300	4	89		
1544	15.4400	4	88		
1545	15.4500	3	87		
1546	15.4600	3	86		
1547	15.4700	3	84		
1548	15.4800	3	81		
1549	15.4900	2	78		
1550	15.5000	2	75		
1551	15.5100	2	71		
1552	15.5200	2	67		
1553	15.5300	2	63		
1554	15.5400	2	59		
1555	15.5500	2	54		
1556	15.5600	2	49		
1557	15.5700	2	44		
1558	15.5800	2	38		
1559	15.5900	1	32		
1560	15.6000	1	27		
1561	15.6100	1	21		
1562	15.6200	1	15		
1563	15.6300	1	9		
1564	15.6400	1	3		
1565	15.6500	1	-4		
1566	15.6600	1	-10		
1567	15.6700	1	-15		
1568	15.6800	1	-21		
1569	15.6900	1	-27		
1570	15.7000	2	-32		
1571	15.7100	2	-38		
1572	15.7200	2	-43		
1573	15.7300	2	-48		
1574	15.7400	2	-52		
1575	15.7500	2	-57		
1576	15.7600	2	-61		
1577	15.7700	2	-64		
1578	15.7800	2	-68		
1579	15.7900	2	-70		
1580	15.8000	3	-73		
1581	15.8100	3	-75		
1582	15.8200	3	-77		
1583	15.8300	3	-78		
1584	15.8400	4	-79		
1585	15.8500	4	-80		
1586	15.8600	4	-80		
1587	15.8700	4	-79		
1588	15.8800	4	-78		
1589	15.8900	4	-77		
1590	15.9000	4	-75		
1591	15.9100	5	-73		
1592	15.9200	5	-70		
1593	15.9300	5	-68		
1594	15.9400	5	-64		
1595	15.9500	5	-60		
1596	15.9600	6	-56		
1597	15.9700	6	-52		
1598	15.9800	6	-47		
1599	15.9900	6	-42		
1600	16.0000	6	-37		
1601	16.0100	6	-32		
1602	16.0200	6	-26		
1603	16.0300	6	-20		
1604	16.0400	6	-14		
1605	16.0500	6	-8		
1606	16.0600	6	-2		
1607	16.0700	6	4		
1608	16.0800	6	10		
1609	16.0900	6	16		
1610	16.1000	6	23		
1611	16.1100	6	29		
1612	16.1200	6	35		
1613	16.1300	6	40		
1614	16.1400	6	46		
1615	16.1500	6	52		
1616	16.1600	6	57		
1617	16.1700	6	62		
1618	16.1800	6	66		
1619	16.1900	6	71		
1620	16.2000	6	75		
1621	16.2100	5	79		
1622	16.2200	5	82		
1623	16.2300	5	85		
1624	16.2400	5	88		
1625	16.2500	5	90		
1626	16.2600	4	91		
1627	16.2700	4	93		
1628	16.2800	4	94		
1629	16.2900	4	94		
1630	16.3000	4	94		
1631	16.3100	4	93		
1632	16.3200	4	92		
1633	16.3300	3	91		
1634	16.3400	3	89		
1635	16.3500	3	87		
1636	16.3600	3	84		
1637	16.3700	2	81		
1638	16.3800	2	78		
1639	16.3900	2	74		
1640	16.4000	2	70		
1641	16.4100	2	65		
1642	16.4200	2	60		
1643	16.4300	2	55		
1644	16.4400	2	50		
1645	16.4500	2	44		
1646	16.4600	2	38		
1647	16.4700	1	32		
1648	16.4800	1	26		
1649	16.4900	1	20		
1650	16.5000	1	14		
1651	16.5100	1	8		
1652	16.5200	1	1		
1653	16.5300	1	-5		
1654	16.5400	1	-12		
1655	16.5500	1	-18		
1656	16.5600	1	-24		
1657	16.5700	1	-30		
1658	16.5800	2	-36		
1659	16.5900	2	-41		
1660	16.6000	2	-46		
1661	16.6100	2	-52		
1662	16.6200	2	-56		
1663	16.6300	2	-61		
1664	16.6400	2	-65		
1665	16.6500	2	-69		
1666	16.6600	2	-72		
1667	16.6700	2	-75		
1668	16.6800	2	-78		
1669	16.6900	3	-80		
1670	16.7000	3	-82		
1671	16.7100	3	-83		
1672	16.7200	3	-84		
1673	16.7300	4	-84		
1674	16.7400	4	-84		
1675	16.7500	4	-83		
1676	16.7600	4	-82		
1677	16.7700	4	-81		
1678	16.7800	4	-79		
1679	16.7900	4	-77		
1680	16.8000	5	-74		
1681	16.8100	5	-70		
1682	16.8200	5	-67		
1683	16.8300	5	-63		
1684	16.8400	5	-59		
1685	16.8500	6	-54		
1686	16.8600	6	-49		
1687	16.8700	6	-44		
1688	16.8800	6	-38		
1689	16.8900	6	-32		
1690	16.9000	6	-27		
1691	16.9100	6	-20		
1692	16.9200	6	-14		
1693	16.9300	6	-8		
1694	16.9400	6	-1		
1695	16.9500	6	5		
1696	16.9600	6	12		
1697	16.9700	6	18		
1698	16.9800	6	24		
1699	16.9900	6	31		
1700	17.0000	6	37		
1701	17.0100	6	43		
1702	17.0200	6	49		
1703	17.0300	6	55		
1704	17.0400	6	60		
1705	17.0500	6	66		
1706	17.0600	6	70		
1707	17.0700	6	75		
1708	17.0800	5	79		
1709	17.0900	5	83		
1710	17.1000	5	86		
1711	17.1100	5	90		
1712	17.1200	5	92		
1713	17.1300	4	94		
1714	17.1400	4	96		
1715	17.1500	4	97		
1716	17.1600	4	98		
1717	17.1700	4	98		
1718	17.1800	4	98		
1719	17.1900	4	98		
1720	17.2000	3	96		
1721	17.2100	3	95		
1722	17.2200	3	93		
1723	17.2300	3	90		
1724	17.2400	3	87		
1725	17.2500	2	84		
1726	17.2600	2	80		
1727	17.2700	2	76		
1728	17.2800	2	72		
1729	17.2900	2	67		
1730	17.3000	2	62		
1731	17.3100	2	56		
1732	17.3200	2	51		
1733	17.3300	2	45		
1734	17.3400	2	39		
1735	17.3500	1	32		
1736	17.3600	1	26		
1737	17.3700	1	20		
1738	17.3800	1	13		
1739	17.3900	1	6		
1740	17.4000	1	0		
1741	17.4100	1	-7		
1742	17.4200	1	-14		
1743	17.4300	1	-20		
1744	17.4400	1	-26		
1745	17.4500	2	-33		
1746	17.4600	2	-39		
1747	17.4700	2	-44		
1748	17.4800	2	-50		
1749	17.4900	2	-55		
1750	17.5000	2	-60		
1751	17.5100	2	-65		
1752	17.5200	2	-69		
1753	17.5300	2	-73		
1754	17.5400	2	-76		
1755	17.5500	2	-80		
1756	17.5600	3	-82		
1757	17.5700	3	-84		
1758	17.5800	3	-86		
1759	17.5900	3	-87		
1760	17.6000	4	-88		
1761	17.6100	4	-88		
1762	17.6200	4	-88		
1763	17.6300	4	-87		
1764	17.6400	4	-86		
1765	17.6500	4	-84		
1766	17.6600	4	-82		
1767	17.6700	5	-80		
1768	17.6800	5	-77		
1769	17.6900	5	-73		
1770	17.7000	5	-70		
1771	17.7100	5	-65		
1772	17.7200	6	-61		
1773	17.7300	6	-56		
1774	17.7400	6	-50		
1775	17.7500	6	-45		
1776	17.7600	6	-39		
1777	17.7700	6	-33		
1778	17.7800	6	-27		
1779	17.7900	6	-20		
1780	17.8000	6	-14		
1781	17.8100	6	-7		
1782	17.8200	6	0		
1783	17.8300	6	7		
1784	17.8400	6	14		
1785	17.8500	6	20		
1786	17.8600	6	27		
1787	17.8700	6	34		
1788	17.8800	6	40		
1789	17.8900	6	46		
1790	17.9000	6	52		
1791	17.9100	6	58		
1792	17.9200	6	64		
1793	17.9300	6	69		
1794	17.9400	6	74		
1795	17.9500	6	79		
1796	17.9600	5	83		
1797	17.9700	5	87		
1798	17.9800	5	91		
1799	17.9900	5	94		
1800	18.0000	5	96		
1801	18.0100	4	99		
1802	18.0200	4	100		
1803	18.0300	4	102		
1804	18.0400	4	102		
1805	18.0500	4	102		
1806	18.0600	4	102		
1807	18.0700	4	101		
1808	18.0800	3	100		
1809	18.0900	3	98		
1810	18.1000	3	96		
1811	18.1100	3	94		
1812	18.1200	2	90		
1813	18.1300	2	87		
1814	18.1400	2	83		
1815	18.1500	2	78		
1816	18.1600	2	74		
1817	18.1700	2	68		
1818	18.1800	2	63		
1819	18.1900	2	57		
1820	18.2000	2	52		
1821	18.2100	2	45		
1822	18.2200	2	39		
1823	18.2300	1	32		
1824	18.2400	1	25		
1825	18.2500	1	18		
1826	18.2600	1	12		
1827	18.2700	1	5		
1828	18.2800	1	-2		
1829	18.2900	1	-9		
1830	18.3000	1	-16		
1831	18.3100	1	-23		
1832	18.3200	2	-30		
1833	18.3300	2	-36		
1834	18.3400	2	-42		
1835	18.3500	2	-48		
1836	18.3600	2	-54		
1837	18.3700	2	-59		
1838	18.3800	2	-64		
1839	18.3900	2	-69		
1840	18.4000	2	-74		
1841	18.4100	2	-78		
1842	18.4200	2	-81		
1843	18.4300	2	-84		
1844	18.4400	3	-87		
1845	18.4500	3	-89		
1846	18.4600	3	-90		
1847	18.4700	3	-92		
1848	18.4800	4	-92		
1849	18.4900	4	-92		
1850	18.5000	4	-92		
1851	18.5100	4	-91		
1852	18.5200	4	-90		
1853	18.5300	4	-88		
1854	18.5400	4	-86		
1855	18.5500	5	-83		
1856	18.5600	5	-80		
1857	18.5700	5	-76		
1858	18.5800	5	-72		
1859	18.5900	6	-68		
1860	18.6000	6	-63		
1861	18.6100	6	-57		
1862	18.6200	6	-52		
1863	18.6300	6	-46		
1864	18.6400	6	-40		
1865	18.6500	6	-33		
1866	18.6600	6	-27		
1867	18.6700	6	-20		
1868	18.6800	6	-13		
1869	18.6900	6	-6		
1870	18.7000	6	1		
1871	18.7100	6	8		
1872	18.7200	6	16		
1873	18.7300	6	23		
1874	18.7400	6	30		
1875	18.7500	6	36		
1876	18.7600	6	43		
1877	18.7700	6	50		
1878	18.7800	6	56		
1879	18.7900	6	62		
1880	18.8000	6	68		
1881	18.8100	6	74		
1882	18.8200	6	79		
1883	18.8300	6	84		
1884	18.8400	5	88		
1885	18.8500	5	92		
1886	18.8600	5	95		
1887	18.8700	5	98		
1888	18.8800	5	101		
1889	18.8900	4	103		
1890	18.9000	4	105		
1891	18.9100	4	106		
1892	18.9200	4	107		
1893	18.9300	4	107		
1894	18.9400	4	106		
1895	18.9500	4	106		
1896	18.9600	3	104		
1897	18.9700	3	102		
1898	18.9800	3	100		
1899	18.9900	3	97		
1900	19.0000	2	94		
1901	19.0100	2	90		
1902	19.0200	2	85		
1903	19.0300	2	81		
1904	19.0400	2	76		
1905	19.0500	2	70		
1906	19.0600	2	64		
1907	19.0700	2	58		
1908	19.0800	2	52		
1909	19.0900	2	46		
1910	19.1000	1	39		
1911	19.1100	1	32		
1912	19.1200	1	25		
1913	19.1300	1	17		
1914	19.1400	1	10		
1915	19.1500	1	3		
1916	19.1600	1	-4		
1917	19.1700	1	-12		
1918	19.1800	1	-19		
1919	19.1900	1	-26		
1920	19.2000	1	-32		
1921	19.2100	1	-39		
1922	19.2200	1	-46		
1923	19.2300	1	-52		
1924	19.2400	2	-58		
1925	19.2500	2	-63		
1926	19.2600	2	-69		
1927	19.2700	2	-74		
1928	19.2800	2	-78		
1929	19.2900	2	-82		
1930	19.3000	2	-86		
1931	19.3100	2	-89		
1932	19.3200	2	-91		
1933	19.3300	3	-94		
1934	19.3400	3	-95		
1935	19.3500	3	-96		
1936	19.3600	3	-97		
1937	19.3700	4	-97		
1938	19.3800	4	-96		
1939	19.3900	4	-96		
1940	19.4000	4	-94		
1941	19.4100	4	-92		
1942	19.4200	4	-90		
1943	19.4300	5	-86		
1944	19.4400	5	-83		
1945	19.4500	5	-79		
1946	19.4600	5	-75		
1947	19.4700	5	-70		
1948	19.4800	6	-65		
1949	19.4900	6	-59		
1950	19.5000	6	-53		
1951	19.5100	6	-47		
1952	19.5200	6	-40		
1953	19.5300	6	-34		
1954	19.5400	6	-27		
1955	19.5500	6	-20		
1956	19.5600	6	-12		
1957	19.5700	6	-5		
1958	19.5800	6	2		
1959	19.5900	6	10		
1960	19.6000	6	17		
1961	19.6100	6	25		
1962	19.6200	6	32		
1963	19.6300	6	39		
1964	19.6400	6	46		
1965	19.6500	6	53		
1966	19.6600	6	59		
1967	19.6700	6	66		
1968	19.6800	6	72		
1969	19.6900	6	77		
1970	19.7000	6	83		
1971	19.7100	6	88		
1972	19.7200	5	92		
1973	19.7300	5	96		
1974	19.7400	5	100		
1975	19.7500	5	103		
1976	19.7600	5	106		
1977	19.7700	4	108		
1978	19.7800	4	110		
1979	19.7900	4	111		
1980	19.8000	4	111		
1981	19.8100	4	111		
1982	19.8200	4	111		
1983	19.8300	4	110		
1984	19.8400	3	108		
1985	19.8500	3	106		
1986	19.8600	3	103		
1987	19.8700	3	100		
1988	19.8800	2	96		
1989	19.8900	2	92		
1990	19.9000	2	88		
1991	19.9100	2	83		
1992	19.9200	2	78		
1993	19.9300	2	72		
1994	19.9400	2	66		
1995	19.9500	2	59		
1996	19.9600	2	53		
1997	19.9700	2	46		
1998	19.9800	2	39		
1999	19.9900	1	32		
2000	20.0000	1	24		
2001	20.0100	1	16		
2002	20.0200	1	9		
2003	20.0300	1	2		
2004	20.0400	1	-6		
2005	20.0500	1	-14		
2006	20.0600	1	-21		
2007	20.0700	1	-28		
2008	20.0800	2	-35		
2009	20.0900	2	-42		
2010	20.1000	2	-49		
2011	20.1100	2	-56		
2012	20.1200	2	-62		
2013	20.1300	2	-67		
2014	20.1400	2	-73		
2015	20.1500	2	-78		
2016	20.1600	2	-82		
2017	20.1700	2	-86		
2018	20.1800	2	-90		
2019	20.1900	2	-93		
2020	20.2000	3	-96		
2021	20.2100	3	-98		
2022	20.2200	3	-100		
2023	20.2300	3	-101		
2024	20.2400	4	-101		
2025	20.2500	4	-101		
2026	20.2600	4	-100		
2027	20.2700	4	-99		
2028	20.2800	4	-98		
2029	20.2900	4	-95		
2030	20.3000	4	-93		
2031	20.3100	4	-89		
2032	20.3200	5	-86		
2033	20.3300	5	-82		
2034	20.3400	5	-77		
2035	20.3500	5	-72		
2036	20.3600	5	-66		
2037	20.3700	6	-60		
2038	20.3800	6	-54		
2039	20.3900	6	-48		
2040	20.4000	6	-41		
2041	20.4100	6	-34		
2042	20.4200	6	-27		
2043	20.4300	6	-19		
2044	20.4400	6	-12		
2045	20.4500	6	-4		
2046	20.4600	6	4		
2047	20.4700	6	11		
2048	20.4800	6	19		
2049	20.4900	6	27		
2050	20.5000	6	34		
2051	20.5100	6	42		
2052	20.5200	6	49		
2053	20.5300	6	56		
2054	20.5400	6	63		
2055	20.5500	6	69		
2056	20.5600	6	76		
2057	20.5700	6	81		
2058	20.5800	6	87		
2059	20.5900	5	92		
2060	20.6000	5	96		
2061	20.6100	5	101		
2062	20.6200	5	104		
2063	20.6300	5	107		
2064	20.6400	4	110		
2065	20.6500	4	112		
2066	20.6600	4	114		
2067	20.6700	4	115		
2068	20.6800	4	115		
2069	20.6900	4	115		
2070	20.7000	4	114		
2071	20.7100	3	113		
2072	20.7200	3	112		
2073	20.7300	3	109		
2074	20.7400	3	106		
2075	20.7500	3	103		
2076	20.7600	2	99		
2077	20.7700	2	95		
2078	20.7800	2	90		
2079	20.7900	2	85		
2080	20.8000	2	79		
2081	20.8100	2	73		
2082	20.8200	2	67		
2083	20.8300	2	60		
2084	20.8400	2	53		
2085	20.8500	2	46		
2086	20.8600	2	39		
2087	20.8700	1	31		
2088	20.8800	1	23		
2089	20.8900	1	16		
2090	20.9000	1	8		
2091	20.9100	1	0		
2092	20.9200	1	-8		
2093	20.9300	1	-16		
2094	20.9400	1	-24		
2095	20.9500	2	-31		
2096	20.9600	2	-38		
2097	20.9700	2	-46		
2098	20.9800	2	-52		
2099	20.9900	2	-59		
2100	21.0000	2	-65		
2101	21.0100	2	-71		
2102	21.0200	2	-77		
2103	21.0300	2	-82		
2104	21.0400	2	-86		
2105	21.0500	2	-91		
2106	21.0600	2	-94		
2107	21.0700	3	-97		
2108	21.0800	3	-100		
2109	21.0900	3	-102		
2110	21.1000	3	-104		
2111	21.1100	4	-104		
2112	21.1200	4	-105		
2113	21.1300	4	-105		
2114	21.1400	4	-104		
2115	21.1500	4	-103		
2116	21.1600	4	-101		
2117	21.1700	4	-99		
2118	21.1800	5	-96		
2119	21.1900	5	-92		
2120	21.2000	5	-88		
2121	21.2100	5	-84		
2122	21.2200	5	-79		
2123	21.2300	6	-74		
2124	21.2400	6	-68		
2125	21.2500	6	-62		
2126	21.2600	6	-55		
2127	21.2700	6	-48		
2128	21.2800	6	-41		
2129	21.2900	6	-34		
2130	21.3000	6	-26		
2131	21.3100	6	-18		
2132	21.3200	6	-11		
2133	21.3300	6	-3		
2134	21.3400	6	5		
2135	21.3500	6	14		
2136	21.3600	6	21		
2137	21.3700	6	29		
2138	21.3800	6	37		
2139	21.3900	6	45		
2140	21.4000	6	52		
2141	21.4100	6	60		
2142	21.4200	6	66		
2143	21.4300	6	73		
2144	21.4400	6	80		
2145	21.4500	6	86		
2146	21.4600	6	91		
2147	21.4700	5	96		
2148	21.4800	5	101		
2149	21.4900	5	105		
2150	21.5000	5	108		
2151	21.5100	5	112		
2152	21.5200	4	114		
2153	21.5300	4	116		
2154	21.5400	4	118		
2155	21.5500	4	119		
2156	21.5600	4	119		
2157	21.5700	4	119		
2158	21.5800	4	118		
2159	21.5900	3	117		
2160	21.6000	3	115		
2161	21.6100	3	112		
2162	21.6200	3	109		
2163	21.6300	2	106		
2164	21.6400	2	102		
2165	21.6500	2	97		
2166	21.6600	2	92		
2167	21.6700	2	87		
2168	21.6800	2	81		
2169	21.6900	2	74		
2170	21.7000	2	68		
2171	21.7100	2	60		
2172	21.7200	2	53		
2173	21.7300	2	46		
2174	21.7400	1	38		
2175	21.7500	1	30		
2176	21.7600	1	22		
2177	21.7700	1	14		
2178	21.7800	1	6		
2179	21.7900	1	-2		
2180	21.8000	1	-10		
2181	21.8100	1	-18		
2182	21.8200	1	-26		
2183	21.8300	1	-34		
2184	21.8400	2	-42		
2185	21.8500	2	-49		
2186	21.8600	2	-56		
2187	21.8700	2	-63		
2188	21.8800	2	-69		
2189	21.8900	2	-75		
2190	21.9000	2	-81		
2191	21.9100	2	-86		
2192	21.9200	2	-91		
2193	21.9300	2	-95		
2194	21.9400	2	-99		
2195	21.9500	3	-102		
2196	21.9600	3	-104		
2197	21.9700	3	-106		
2198	21.9800	3	-106		
2199	21.9900	4	-106		
2200	22.0000	4	-106		
2201	22.0100	4	-106		
2202	22.0200	4	-106		
2203	22.0300	4	-106		
2204	22.0400	4	-104		
2205	22.0500	4	-102		
2206	22.0600	5	-99		
2207	22.0700	5	-95		
2208	22.0800	5	-91		
2209	22.0900	5	-86		
2210	22.1000	5	-81		
2211	22.1100	6	-75		
2212	22.1200	6	-69		
2213	22.1300	6	-62		
2214	22.1400	6	-56		
2215	22.1500	6	-49		
2216	22.1600	6	-41		
2217	22.1700	6	-34		
2218	22.1800	6	-26		
2219	22.1900	6	-18		
2220	22.2000	6	-10		
2221	22.2100	6	-1		
2222	22.2200	6	7		
2223	22.2300	6	16		
2224	22.2400	6	24		
2225	22.2500	6	32		
2226	22.2600	6	40		
2227	22.2700	6	48		
2228	22.2800	6	56		
2229	22.2900	6	63		
2230	22.3000	6	70		
2231	22.3100	6	77		
2232	22.3200	6	84		
2233	22.3300	6	90		
2234	22.3400	6	95		
2235	22.3500	5	100		
2236	22.3600	5	105		
2237	22.3700	5	109		
2238	22.3800	5	113		
2239	22.3900	5	116		
2240	22.4000	4	119		
2241	22.4100	4	121		
2242	22.4200	4	122		
2243	22.4300	4	123		
2244	22.4400	4	124		
2245	22.4500	4	123		
2246	22.4600	4	122		
2247	22.4700	3	120		
2248	22.4800	3	118		
2249	22.4900	3	116		
2250	22.5000	3	112		
2251	22.5100	2	108		
2252	22.5200	2	104		
2253	22.5300	2	99		
2254	22.5400	2	94		
2255	22.5500	2	88		
2256	22.5600	2	82		
2257	22.5700	2	75		
2258	22.5800	2	68		
2259	22.5900	2	61		
2260	22.6000	2	53		
2261	22.6100	2	46		
2262	22.6200	1	38		
2263	22.6300	1	29		
2264	22.6400	1	21		
2265	22.6500	1	12		
2266	22.6600	1	4		
2267	22.6700	1	-4		
2268	22.6800	1	-13		
2269	22.6900	1	-21		
2270	22.7000	1	-29		
2271	22.7100	1	-37		
2272	22.7200	1	-45		
2273	22.7300	1	-53		
2274	22.7400	1	-60		
2275	22.7500	1	-67		
2276	22.7600	2	-73		
2277	22.7700	2	-80		
2278	22.7800	2	-85		
2279	22.7900	2	-90		
2280	22.8000	2	-95		
2281	22.8100	2	-100		
2282	22.8200	2	-103		
2283	22.8300	2	-106		
2284	22.8400	3	-106		
2285	22.8500	3	-106		
2286	22.8600	3	-106		
2287	22.8700	3	-106		
2288	22.8800	3	-106		
2289	22.8900	4	-106		
2290	22.9000	4	-106		
2291	22.9100	4	-106		
2292	22.9200	4	-106		
2293	22.9300	4	-105		
2294	22.9400	4	-102		
2295	22.9500	5	-98		
2296	22.9600	5	-94		
2297	22.9700	5	-88		
2298	22.9800	5	-83		
2299	22.9900	5	-77		
2300	23.0000	6	-71		
2301	23.0100	6	-64		
2302	23.0200	6	-57		
2303	23.0300	6	-49		
2304	23.0400	6	-42		
2305	23.0500	6	-34		
2306	23.0600	6	-25		
2307	23.0700	6	-17		
2308	23.0800	6	-9		
2309	23.0900	6	0		
2310	23.1000	6	8		
2311	23.1100	6	17		
2312	23.1200	6	26		
2313	23.1300	6	34		
2314	23.1400	6	42		
2315	23.1500	6	51		
2316	23.1600	6	59		
2317	23.1700	6	66		
2318	23.1800	6	74		
2319	23.1900	6	81		
2320	23.2000	6	87		
2321	23.2100	6	94		
2322	23.2200	6	99		
2323	23.2300	5	105		
2324	23.2400	5	110		
2325	23.2500	5	114		
2326	23.2600	5	118		
2327	23.2700	5	121		
2328	23.2800	4	123		
2329	23.2900	4	125		
2330	23.3000	4	127		
2331	23.3100	4	127		
2332	23.3200	4	128		
2333	23.3300	4	127		
2334	23.3400	4	126		
2335	23.3500	3	124		
2336	23.3600	3	122		
2337	23.3700	3	119		
2338	23.3800	3	116		
2339	23.3900	2	112		
2340	23.4000	2	107		
2341	23.4100	2	102		
2342	23.4200	2	96		
2343	23.4300	2	90		
2344	23.4400	2	84		
2345	23.4500	2	76		
2346	23.4600	2	69		
2347	23.4700	2	62		
2348	23.4800	2	54		
2349	23.4900	2	46		
2350	23.5000	2	37		
2351	23.5100	1	29		
2352	23.5200	1	20		
2353	23.5300	1	11		
2354	23.5400	1	2		
2355	23.5500	1	-6		
2356	23.5600	1	-15		
2357	23.5700	1	-24		
2358	23.5800	1	-32		
2359	23.5900	2	-40		
2360	23.6000	2	-48		
2361	23.6100	2	-56		
2362	23.6200	2	-64		
2363	23.6300	2	-70		
2364	23.6400	2	-77		
2365	23.6500	2	-84		
2366	23.6600	2	-90		
2367	23.6700	2	-95		
2368	23.6800	2	-100		
2369	23.6900	2	-104		
2370	23.7000	2	-106		
2371	23.7100	3	-106		
2372	23.7200	3	-106		
2373	23.7300	3	-106		
2374	23.7400	3	-106		
2375	23.7500	3	-106		
2376	23.7600	4	-106		
2377	23.7700	4	-106		
2378	23.7800	4	-106		
2379	23.7900	4	-106		
2380	23.8000	4	-106		
2381	23.8100	4	-106		
2382	23.8200	4	-105		
2383	23.8300	5	-101		
2384	23.8400	5	-96		
2385	23.8500	5	-91		
2386	23.8600	5	-85		
2387	23.8700	5	-79		
2388	23.8800	5	-72		
2389	23.8900	6	-65		
2390	23.9000	6	-58		
2391	23.9100	6	-50		
2392	23.9200	6	-42		
2393	23.9300	6	-33		
2394	23.9400	6	-25		
2395	23.9500	6	-16		
2396	23.9600	6	-7		
2397	23.9700	6	1		
2398	23.9800	6	10		
2399	23.9900	6	19		
2400	24.0000	6	28		
2401	24.0100	6	37		
2402	24.0200	6	45		
2403	24.0300	6	54		
2404	24.0400	6	62		
2405	24.0500	6	70		
2406	24.0600	6	77		
2407	24.0700	6	84		
2408	24.0800	6	91		
2409	24.0900	6	98		
2410	24.1000	5	103		
2411	24.1100	5	109		
2412	24.1200	5	114		
2413	24.1300	5	118		
2414	24.1400	5	122		
2415	24.1500	4	125		
2416	24.1600	4	128		
2417	24.1700	4	129		
2418	24.1800	4	131		
2419	24.1900	4	131		
2420	24.2000	4	131		
2421	24.2100	4	131		
2422	24.2200	3	130		
2423	24.2300	3	128		
2424	24.2400	3	125		
2425	24.2500	3	122		
2426	24.2600	3	118		
2427	24.2700	2	114		
2428	24.2800	2	109		
2429	24.2900	2	104		
2430	24.3000	2	98		
2431	24.3100	2	91		
2432	24.3200	2	84		
2433	24.3300	2	77		
2434	24.3400	2	70		
2435	24.3500	2	62		
2436	24.3600	2	54		
2437	24.3700	2	45		
2438	24.3800	2	37		
2439	24.3900	1	28		
2440	24.4000	1	19		
2441	24.4100	1	10		
2442	24.4200	1	1		
2443	24.4300	1	-8		
2444	24.4400	1	-17		
2445	24.4500	1	-26		
2446	24.4600	2	-35		
2447	24.4700	2	-43		
2448	24.4800	2	-52		
2449	24.4900	2	-60		
2450	24.5000	2	-67		
2451	24.5100	2	-74		
2452	24.5200	2	-81		
2453	24.5300	2	-88		
2454	24.5400	2	-94		
2455	24.5500	2	-99		
2456	24.5600	2	-104		
2457	24.5700	2	-106		
2458	24.5800	3	-106		
2459	24.5900	3	-106		
2460	24.6000	3	-106		
2461	24.6100	3	-106		
2462	24.6200	4	-106		
2463	24.6300	4	-106		
2464	24.6400	4	-106		
2465	24.6500	4	-106		
2466	24.6600	4	-106		
2467	24.6700	4	-106		
2468	24.6800	4	-106		
2469	24.6900	5	-106		
2470	24.7000	5	-106		
2471	24.7100	5	-103		
2472	24.7200	5	-98		
2473	24.7300	5	-92		
2474	24.7400	6	-86		
2475	24.7500	6	-80		
2476	24.7600	6	-73		
2477	24.7700	6	-66		
2478	24.7800	6	-58		
2479	24.7900	6	-50		
2480	24.8000	6	-42		
2481	24.8100	6	-33		
2482	24.8200	6	-24		
2483	24.8300	6	-15		
2484	24.8400	6	-6		
2485	24.8500	6	3		
2486	24.8600	6	12		
2487	24.8700	6	22		
2488	24.8800	6	30		
2489	24.8900	6	39		
2490	24.9000	6	48		
2491	24.9100	6	57		
2492	24.9200	6	65		
2493	24.9300	6	73		
2494	24.9400	6	81		
2495	24.9500	6	88		
2496	24.9600	6	95		
2497	24.9700	6	102		
2498	24.9800	5	108		
2499	24.9900	5	113		
2500	25.0000	5	118		
2501	25.0100	5	122		
2502	25.0200	5	126		
2503	25.0300	4	129		
2504	25.0400	4	131		
2505	25.0500	4	131		
2506	25.0600	4	131		
2507	25.0700	4	131		
2508	25.0800	4	131		
2509	25.0900	4	131		
2510	25.1000	3	131		
2511	25.1100	3	131		
2512	25.1200	3	128		
2513	25.1300	3	125		
2514	25.1400	3	121		
2515	25.1500	2	116		
2516	25.1600	2	111		
2517	25.1700	2	105		
2518	25.1800	2	99		
2519	25.1900	2	93		
2520	25.2000	2	86		
2521	25.2100	2	78		
2522	25.2200	2	70		
2523	25.2300	2	62		
2524	25.2400	2	53		
2525	25.2500	1	44		
2526	25.2600	1	36		
2527	25.2700	1	26		
2528	25.2800	1	17		
2529	25.2900	1	8		
2530	25.3000	1	-1		
2531	25.3100	1	-11		
2532	25.3200	1	-20		
2533	25.3300	1	-29		
2534	25.3400	2	-38		
2535	25.3500	2	-46		
2536	25.3600	2	-55		
2537	25.3700	2	-63		
2538	25.3800	2	-71		
2539	25.3900	2	-78		
2540	25.4000	2	-85		
2541	25.4100	2	-92		
2542	25.4200	2	-98		
2543	25.4300	2	-103		
2544	25.4400	2	-106		
2545	25.4500	2	-106		
2546	25.4600	3	-106		
2547	25.4700	3	-106		
2548	25.4800	3	-106		
2549	25.4900	3	-106		
2550	25.5000	4	-106		
2551	25.5100	4	-106		
2552	25.5200	4	-106		
2553	25.5300	4	-106		
2554	25.5400	4	-106		
2555	25.5500	4	-106		
2556	25.5600	4	-106		
2557	25.5700	5	-106		
2558	25.5800	5	-106		
2559	25.5900	5	-105		
2560	25.6000	5	-100		
2561	25.6100	5	-94		
2562	25.6200	6	-88		
2563	25.6300	6	-81		
2564	25.6400	6	-74		
2565	25.6500	6	-66		
2566	25.6600	6	-58		
2567	25.6700	6	-50		
2568	25.6800	6	-41		
2569	25.6900	6	-32		
2570	25.7000	6	-23		
2571	25.7100	6	-14		
2572	25.7200	6	-4		
2573	25.7300	6	5		
2574	25.7400	6	15		
2575	25.7500	6	24		
2576	25.7600	6	33		
2577	25.7700	6	42		
2578	25.7800	6	52		
2579	25.7900	6	60		
2580	25.8000	6	69		
2581	25.8100	6	77		
2582	25.8200	6	85		
2583	25.8300	6	92		
2584	25.8400	6	99		
2585	25.8500	6	106		
2586	25.8600	5	112		
2587	25.8700	5	117		
2588	25.8800	5	122		
2589	25.8900	5	127		
2590	25.9000	5	130		
2591	25.9100	4	131		
2592	25.9200	4	131		
2593	25.9300	4	131		
2594	25.9400	4	131		
2595	25.9500	4	131		
2596	25.9600	4	131		
2597	25.9700	4	131		
2598	25.9800	3	131		
2599	25.9900	3	131		
2600	26.0000	3	131		
2601	26.0100	3	128		
2602	26.0200	2	123		
2603	26.0300	2	119		
2604	26.0400	2	113		
2605	26.0500	2	107		
2606	26.0600	2	101		
2607	26.0700	2	94		
2608	26.0800	2	86		
2609	26.0900	2	79		
2610	26.1000	2	70		
2611	26.1100	2	62		
2612	26.1200	2	53		
2613	26.1300	1	44		
2614	26.1400	1	35		
2615	26.1500	1	25		
2616	26.1600	1	16		
2617	26.1700	1	6		
2618	26.1800	1	-3		
2619	26.1900	1	-13		
2620	26.2000	1	-22		
2621	26.2100	1	-32		
2622	26.2200	1	-41		
2623	26.2300	1	-50		
2624	26.2400	1	-59		
2625	26.2500	1	-67		
2626	26.2600	2	-75		
2627	26.2700	2	-82		
2628	26.2800	2	-89		
2629	26.2900	2	-96		
2630	26.3000	2	-102		
2631	26.3100	2	-106		
2632	26.3200	2	-106		
2633	26.3300	2	-106		
2634	26.3400	2	-106		
2635	26.3500	2	-106		
2636	26.3600	3	-106		
2637	26.3700	3	-106		
2638	26.3800	3	-106		
2639	26.3900	3	-106		
2640	26.4000	4	-106		
2641	26.4100	4	-106		
2642	26.4200	4	-106		
2643	26.4300	4	-106		
2644	26.4400	4	-106		
2645	26.4500	4	-106		
2646	26.4600	5	-106		
2647	26.4700	5	-106		
2648	26.4800	5	-102		
2649	26.4900	5	-96		
2650	26.5000	5	-90		
2651	26.5100	6	-82		
2652	26.5200	6	-75		
2653	26.5300	6	-67		
2654	26.5400	6	-59		
2655	26.5500	6	-50		
2656	26.5600	6	-41		
2657	26.5700	6	-32		
2658	26.5800	6	-22		
2659	26.5900	6	-13		
2660	26.6000	6	-3		
2661	26.6100	6	7		
2662	26.6200	6	16		
2663	26.6300	6	26		
2664	26.6400	6	36		
2665	26.6500	6	45		
2666	26.6600	6	54		
2667	26.6700	6	63		
2668	26.6800	6	72		
2669	26.6900	6	80		
2670	26.7000	6	88		
2671	26.7100	6	96		
2672	26.7200	6	103		
2673	26.7300	6	110		
2674	26.7400	5	116		
2675	26.7500	5	122		
2676	26.7600	5	127		
2677	26.7700	5	131		
2678	26.7800	5	131		
2679	26.7900	4	131		
2680	26.8000	4	131		
2681	26.8100	4	131		
2682	26.8200	4	131		
2683	26.8300	4	131		
2684	26.8400	4	131		
2685	26.8500	4	131		
2686	26.8600	3	131		
2687	26.8700	3	131		
2688	26.8800	3	131		
2689	26.8900	3	130		
2690	26.9000	2	126		
2691	26.9100	2	121		
2692	26.9200	2	115		
2693	26.9300	2	109		
2694	26.9400	2	102		
2695	26.9500	2	95		
2696	26.9600	2	87		
2697	26.9700	2	79		
2698	26.9800	2	71		
2699	26.9900	2	62		
2700	27.0000	2	53		
2701	27.0100	2	43		
2702	27.0200	2	34		
2703	27.0300	1	24		
2704	27.0400	1	14		
2705	27.0500	1	4		
2706	27.0600	1	-6		
2707	27.0700	1	-15		
2708	27.0800	1	-25		
2709	27.0900	2	-34		
2710	27.1000	2	-44		
2711	27.1100	2	-53		
2712	27.1200	2	-62		
2713	27.1300	2	-70		
2714	27.1400	2	-78		
2715	27.1500	2	-86		
2716	27.1600	2	-93		
2717	27.1700	2	-100		
2718	27.1800	2	-106		
2719	27.1900	2	-106		
2720	27.2000	2	-106		
2721	27.2100	2	-106		
2722	27.2200	3	-106		
2723	27.2300	3	-106		
2724	27.2400	3	-106		
2725	27.2500	3	-106		
2726	27.2600	4	-106		
2727	27.2700	4	-106		
2728	27.2800	4	-106		
2729	27.2900	4	-106		
2730	27.3000	4	-106		
2731	27.3100	4	-106		
2732	27.3200	4	-106		
2733	27.3300	5	-106		
2734	27.3400	5	-106		
2735	27.3500	5	-106		
2736	27.3600	5	-104		
2737	27.3700	5	-98		
2738	27.3800	6	-91		
2739	27.3900	6	-84		
2740	27.4000	6	-76		
2741	27.4100	6	-67		
2742	27.4200	6	-59		
2743	27.4300	6	-50		
2744	27.4400	6	-40		
2745	27.4500	6	-31		
2746	27.4600	6	-21		
2747	27.4700	6	-11		
2748	27.4800	6	-2		
2749	27.4900	6	8		
2750	27.5000	6	18		
2751	27.5100	6	29		
2752	27.5200	6	38		
2753	27.5300	6	48		
2754	27.5400	6	58		
2755	27.5500	6	67		
2756	27.5600	6	76		
2757	27.5700	6	84		
2758	27.5800	6	92		
2759	27.5900	6	100		
2760	27.6000	6	107		
2761	27.6100	5	114		
2762	27.6200	5	120		
2763	27.6300	5	126		
2764	27.6400	5	131		
2765	27.6500	5	131		
2766	27.6600	4	131		
2767	27.6700	4	131		
2768	27.6800	4	131		
2769	27.6900	4	131		
2770	27.7000	4	131		
2771	27.7100	4	131		
2772	27.7200	4	131		
2773	27.7300	3	131		
2774	27.7400	3	131		
2775	27.7500	3	131		
2776	27.7600	3	131		
2777	27.7700	3	131		
2778	27.7800	2	128		
2779	27.7900	2	123		
2780	27.8000	2	117		
2781	27.8100	2	110		
2782	27.8200	2	103		
2783	27.8300	2	96		
2784	27.8400	2	88		
2785	27.8500	2	80		
2786	27.8600	2	71		
2787	27.8700	2	62		
2788	27.8800	2	52		
2789	27.8900	2	42		
2790	27.9000	1	33		
2791	27.9100	1	22		
2792	27.9200	1	12		
2793	27.9300	1	2		
2794	27.9400	1	-8		
2795	27.9500	1	-18		
2796	27.9600	2	-28		
2797	27.9700	2	-38		
2798	27.9800	2	-47		
2799	27.9900	2	-56		
2800	28.0000	2	-66		
2801	28.0100	2	-74		
2802	28.0200	2	-82		
2803	28.0300	2	-90		
2804	28.0400	2	-98		
2805	28.0500	2	-104		
2806	28.0600	2	-106		
2807	28.0700	2	-106		
2808	28.0800	2	-106		
2809	28.0900	3	-106		
2810	28.1000	3	-106		
2811	28.1100	3	-106		
2812	28.1200	3	-106		
2813	28.1300	4	-106		
2814	28.1400	4	-106		
2815	28.1500	4	-106		
2816	28.1600	4	-106		
2817	28.1700	4	-106		
2818	28.1800	4	-106		
2819	28.1900	4	-106		
2820	28.2000	5	-106		
2821	28.2100	5	-106		
2822	28.2200	5	-106		
2823	28.2300	5	-106		
2824	28.2400	5	-106		
2825	28.2500	6	-99		
2826	28.2600	6	-92		
2827	28.2700	6	-84		
2828	28.2800	6	-76		
2829	28.2900	6	-68		
2830	28.3000	6	-59		
2831	28.3100	6	-49		
2832	28.3200	6	-40		
2833	28.3300	6	-30		
2834	28.3400	6	-20		
2835	28.3500	6	-10		
2836	28.3600	6	0		
2837	28.3700	6	11		
2838	28.3800	6	21		
2839	28.3900	6	31		
2840	28.4000	6	41		
2841	28.4100	6	51		
2842	28.4200	6	61		
2843	28.4300	6	70		
2844	28.4400	6	79		
2845	28.4500	6	88		
2846	28.4600	6	96		
2847	28.4700	6	104		
2848	28.4800	6	111		
2849	28.4900	5	118		
2850	28.5000	5	124		
2851	28.5100	5	130		
2852	28.5200	5	131		
2853	28.5300	5	131		
2854	28.5400	4	131		
2855	28.5500	4	131		
2856	28.5600	4	131		
2857	28.5700	4	131		
2858	28.5800	4	131		
2859	28.5900	4	131		
2860	28.6000	4	131		
2861	28.6100	3	131		
2862	28.6200	3	131		
2863	28.6300	3	131		
2864	28.6400	3	131		
2865	28.6500	3	131		
2866	28.6600	2	130		
2867	28.6700	2	125		
2868	28.6800	2	119		
2869	28.6900	2	112		
2870	28.7000	2	105		
2871	28.7100	2	97		
2872	28.7200	2	88		
2873	28.7300	2	80		
2874	28.7400	2	70		
2875	28.7500	2	61		
2876	28.7600	1	51		
2877	28.7700	1	41		
2878	28.7800	1	31		
2879	28.7900	1	21		
2880	28.8000	1	10		
2881	28.8100	1	0		
2882	28.8200	1	-10		
2883	28.8300	1	-21		
2884	28.8400	1	-31		
2885	28.8500	1	-41		
2886	28.8600	2	-50		
2887	28.8700	2	-60		
2888	28.8800	2	-69		
2889	28.8900	2	-78		
2890	28.9000	2	-86		
2891	28.9100	2	-94		
2892	28.9200	2	-102		
2893	28.9300	2	-106		
2894	28.9400	2	-106		
2895	28.9500	2	-106		
2896	28.9600	2	-106		
2897	28.9700	3	-106		
2898	28.9800	3	-106		
2899	28.9900	3	-106		
2900	29.0000	3	-106		
2901	29.0100	4	-106		
2902	29.0200	4	-106		
2903	29.0300	4	-106		
2904	29.0400	4	-106		
2905	29.0500	4	-106		
2906	29.0600	4	-106		
2907	29.0700	4	-106		
2908	29.0800	4	-106		
2909	29.0900	5	-106		
2910	29.1000	5	-106		
2911	29.1100	5	-106		
2912	29.1200	5	-106		
2913	29.1300	6	-100		
2914	29.1400	6	-93		
2915	29.1500	6	-85		
2916	29.1600	6	-77		
2917	29.1700	6	-68		
2918	29.1800	6	-58		
2919	29.1900	6	-49		
2920	29.2000	6	-39		
2921	29.2100	6	-29		
2922	29.2200	6	-18		
2923	29.2300	6	-8		
2924	29.2400	6	2		
2925	29.2500	6	13		
2926	29.2600	6	24		
2927	29.2700	6	34		
2928	29.2800	6	44		
2929	29.2900	6	54		
2930	29.3000	6	64		
2931	29.3100	6	74		
2932	29.3200	6	83		
2933	29.3300	6	92		
2934	29.3400	6	100		
2935	29.3500	6	108		
2936	29.3600	6	116		
2937	29.3700	5	122		
2938	29.3800	5	129		
2939	29.3900	5	131		
2940	29.4000	5	131		
2941	29.4100	5	131		
2942	29.4200	4	131		
2943	29.4300	4	131		
2944	29.4400	4	131		
2945	29.4500	4	131		
2946	29.4600	4	131		
2947	29.4700	4	131		
2948	29.4800	4	131		
2949	29.4900	3	131		
2950	29.5000	3	131		
2951	29.5100	3	131		
2952	29.5200	3	131		
2953	29.5300	2	131		
2954	29.5400	2	131		
2955	29.5500	2	127		
2956	29.5600	2	120		
2957	29.5700	2	113		
2958	29.5800	2	106		
2959	29.5900	2	98		
2960	29.6000	2	89		
2961	29.6100	2	80		
2962	29.6200	2	70		
2963	29.6300	2	60		
2964	29.6400	2	50		
2965	29.6500	2	40		
2966	29.6600	1	30		
2967	29.6700	1	19		
2968	29.6800	1	9		
2969	29.6900	1	-2		
2970	29.7000	1	-12		
2971	29.7100	1	-23		
2972	29.7200	1	-34		
2973	29.7300	2	-44		
2974	29.7400	2	-54		
2975	29.7500	2	-64		
2976	29.7600	2	-73		
2977	29.7700	2	-82		
2978	29.7800	2	-90		
2979	29.7900	2	-98		
2980	29.8000	2	-106		
2981	29.8100	2	-106		
2982	29.8200	2	-106		
2983	29.8300	2	-106		
2984	29.8400	2	-106		
2985	29.8500	2	-106		
2986	29.8600	3	-106		
2987	29.8700	3	-106		
2988	29.8800	3	-106		
2989	29.8900	3	-106		
2990	29.9000	4	-106		
2991	29.9100	4	-106		
2992	29.9200	4	-106		
2993	29.9300	4	-106		
2994	29.9400	4	-106		
2995	29.9500	4	-106		
2996	29.9600	4	-106		
2997	29.9700	4	-106		
2998	29.9800	5	-106		
2999	29.9900	5	-106		
3000	30.0000	5	-106		
3001	30.0100	5	-102		
3002	30.0200	6	-94		
3003	30.0300	6	-86		
3004	30.0400	6	-77		
3005	30.0500	6	-68		
3006	30.0600	6	-58		
3007	30.0700	6	-49		
3008	30.0800	6	-38		
3009	30.0900	6	-28		
3010	30.1000	6	-17		
3011	30.1100	6	-6		
3012	30.1200	6	4		
3013	30.1300	6	15		
3014	30.1400	6	26		
3015	30.1500	6	36		
3016	30.1600	6	47		
3017	30.1700	6	57		
3018	30.1800	6	67		
3019	30.1900	6	77		
3020	30.2000	6	86		
3021	30.2100	6	96		
3022	30.2200	6	104		
3023	30.2300	6	112		
3024	30.2400	6	120		
3025	30.2500	5	126		
3026	30.2600	5	131		
3027	30.2700	5	131		
3028	30.2800	5	131		
3029	30.2900	5	131		
3030	30.3000	4	131		
3031	30.3100	4	131		
3032	30.3200	4	131		
3033	30.3300	4	131		
3034	30.3400	4	131		
3035	30.3500	4	131		
3036	30.3600	4	131		
3037	30.3700	3	131		
3038	30.3800	3	131		
3039	30.3900	3	131		
3040	30.4000	3	131		
3041	30.4100	3	131		
3042	30.4200	2	131		
3043	30.4300	2	129		
3044	30.4400	2	122		
3045	30.4500	2	115		
3046	30.4600	2	107		
3047	30.4700	2	98		
3048	30.4800	2	89		
3049	30.4900	2	80		
3050	30.5000	2	70		
3051	30.5100	2	60		
3052	30.5200	2	50		
3053	30.5300	2	39		
3054	30.5400	2	29		
3055	30.5500	2	18		
3056	30.5600	2	7		
3057	30.5700	2	-4		
3058	30.5800	2	-15		
3059	30.5900	2	-26		
3060	30.6000	2	-36		
3061	30.6100	2	-47		
3062	30.6200	2	-57		
3063	30.6300	2	-67		
3064	30.6400	2	-76		
3065	30.6500	2	-85		
3066	30.6600	2	-94		
3067	30.6700	2	-102		
3068	30.6800	2	-106		
3069	30.6900	2	-106		
3070	30.7000	2	-106		
3071	30.7100	2	-106		
3072	30.7200	3	-106		
3073	30.7300	3	-106		
3074	30.7400	3	-106		
3075	30.7500	3	-106		
3076	30.7600	3	-106		
3077	30.7700	4	-106		
3078	30.7800	4	-106		
3079	30.7900	4	-106		
3080	30.8000	4	-106		
3081	30.8100	4	-106		
3082	30.8200	4	-106		
3083	30.8300	4	-106		
3084	30.8400	4	-106		
3085	30.8500	5	-106		
3086	30.8600	5	-106		
3087	30.8700	5	-106		
3088	30.8800	5	-106		
3089	30.8900	6	-103		
3090	30.9000	6	-95		
3091	30.9100	6	-86		
3092	30.9200	6	-77		
3093	30.9300	6	-68		
3094	30.9400	6	-58		
3095	30.9500	6	-48		
3096	30.9600	6	-38		
3097	30.9700	6	-27		
3098	30.9800	6	-16		
3099	30.9900	6	-5		
3100	31.0000	6	6		
3101	31.0100	6	17		
3102	31.0200	6	28		
3103	31.0300	6	39		
3104	31.0400	6	50		
3105	31.0500	6	60		
3106	31.0600	6	71		
3107	31.0700	6	80		
3108	31.0800	6	90		
3109	31.0900	6	99		
3110	31.1000	6	108		
3111	31.1100	6	116		
3112	31.1200	5	124		
3113	31.1300	5	130		
3114	31.1400	5	131		
3115	31.1500	5	131		
3116	31.1600	5	131		
3117	31.1700	4	131		
3118	31.1800	4	131		
3119	31.1900	4	131		
3120	31.2000	4	131		
3121	31.2100	4	131		
3122	31.2200	4	131		
3123	31.2300	4	131		
3124	31.2400	4	131		
3125	31.2500	3	131		
3126	31.2600	3	131		
3127	31.2700	3	131		
3128	31.2800	3	131		
3129	31.2900	2	131		
3130	31.3000	2	131		
3131	31.3100	2	130		
3132	31.3200	2	123		
3133	31.3300	2	116		
3134	31.3400	2	107		
3135	31.3500	2	98		
3136	31.3600	2	89		
3137	31.3700	2	80		
3138	31.3800	2	70		
3139	31.3900	2	60		
3140	31.4000	2	49		
3141	31.4100	2	38		
3142	31.4200	2	27		
3143	31.4300	2	16		
3144	31.4400	2	5		
3145	31.4500	2	-6		
3146	31.4600	2	-18		
3147	31.4700	2	-28		
3148	31.4800	2	-39		
3149	31.4900	2	-50		
3150	31.5000	2	-60		
3151	31.5100	2	-70		
3152	31.5200	2	-80		
3153	31.5300	2	-89		
3154	31.5400	2	-98		
3155	31.5500	2	-106		
3156	31.5600	2	-106		
3157	31.5700	2	-106		
3158	31.5800	2	-106		
3159	31.5900	2	-106		
3160	31.6000	3	-106		
3161	31.6100	3	-106		
3162	31.6200	3	-106		
3163	31.6300	3	-106		
3164	31.6400	3	-106		
3165	31.6500	4	-106		
3166	31.6600	4	-106		
3167	31.6700	4	-106		
3168	31.6800	4	-106		
3169	31.6900	4	-106		
3170	31.7000	4	-106		
